150 5904
1 2 1
1 3 16
1 4 34
1 5 4
1 6 55
1 7 39
1 8 41
1 9 20
1 10 37
1 11 51
1 12 31
1 13 36
1 14 37
1 15 45
1 16 36
1 17 68
1 18 73
1 19 61
1 20 19
1 21 47
1 22 7
1 23 61
1 24 43
1 25 56
1 26 61
1 27 61
1 28 5
1 29 10
1 30 28
1 31 13
1 32 29
1 33 22
1 34 3
1 35 65
1 36 35
1 37 17
1 38 2
1 39 37
1 40 65
1 41 5
1 42 32
1 43 32
1 44 26
1 45 45
1 46 18
1 47 66
1 48 2
1 49 44
1 50 53
2 3 36
2 4 9
2 5 25
2 6 74
2 7 57
2 8 4
2 9 75
2 10 60
2 11 57
2 12 21
2 13 9
2 14 64
2 15 25
2 16 2
2 17 23
2 18 71
2 19 48
2 20 40
2 21 37
2 22 15
2 23 39
2 24 57
2 25 1
2 26 14
2 27 72
2 28 39
2 29 65
2 30 30
2 31 69
2 32 42
2 33 37
2 34 54
2 35 19
2 36 38
2 37 67
2 38 65
2 39 31
2 40 2
2 41 69
2 42 30
2 43 25
2 44 57
2 45 75
2 46 25
2 47 44
2 48 9
2 49 73
2 50 48
2 51 67
3 4 65
3 5 6
3 6 49
3 7 54
3 8 33
3 9 29
3 10 21
3 11 61
3 12 36
3 13 47
3 14 19
3 15 48
3 16 38
3 17 17
3 18 53
3 19 35
3 20 49
3 21 32
3 22 63
3 23 73
3 24 54
3 25 64
3 26 69
3 27 23
3 28 71
3 29 45
3 30 69
3 31 55
3 32 72
3 33 25
3 34 22
3 35 55
3 36 62
3 37 75
3 38 54
3 39 10
3 40 34
3 41 48
3 42 53
3 43 47
3 44 72
3 45 3
3 46 27
3 47 16
3 48 43
3 49 52
3 50 54
3 51 34
3 52 73
4 5 5
4 6 52
4 7 1
4 8 26
4 9 65
4 10 75
4 11 56
4 12 25
4 13 66
4 14 67
4 15 46
4 16 71
4 17 65
4 18 33
4 19 13
4 20 66
4 21 69
4 22 56
4 23 38
4 24 40
4 25 36
4 26 43
4 27 29
4 28 25
4 29 7
4 30 67
4 31 45
4 32 33
4 33 68
4 34 59
4 35 50
4 36 6
4 37 50
4 38 71
4 39 49
4 40 3
4 41 11
4 42 27
4 43 11
4 44 64
4 45 11
4 46 11
4 47 48
4 48 68
4 49 24
4 50 40
4 51 17
4 52 11
4 53 65
5 6 25
5 7 71
5 8 69
5 9 15
5 10 58
5 11 8
5 12 62
5 13 69
5 14 41
5 15 6
5 16 67
5 17 13
5 18 15
5 19 68
5 20 66
5 21 75
5 22 74
5 23 41
5 24 1
5 25 23
5 26 75
5 27 26
5 28 71
5 29 53
5 30 27
5 31 43
5 32 58
5 33 73
5 34 72
5 35 71
5 36 33
5 37 66
5 38 47
5 39 50
5 40 56
5 41 25
5 42 7
5 43 44
5 44 53
5 45 10
5 46 36
5 47 48
5 48 54
5 49 34
5 50 37
5 51 12
5 52 35
5 53 40
5 54 74
6 7 9
6 8 16
6 9 7
6 10 47
6 11 48
6 12 5
6 13 30
6 14 19
6 15 50
6 16 55
6 17 36
6 18 45
6 19 56
6 20 36
6 21 64
6 22 25
6 23 57
6 24 65
6 25 66
6 26 24
6 27 40
6 28 40
6 29 51
6 30 10
6 31 17
6 32 12
6 33 73
6 34 72
6 35 21
6 36 16
6 37 64
6 38 28
6 39 8
6 40 65
6 41 41
6 42 37
6 43 35
6 44 61
6 45 23
6 46 60
6 47 35
6 48 16
6 49 37
6 50 56
6 51 13
6 52 59
6 53 45
6 54 37
6 55 70
7 8 53
7 9 8
7 10 31
7 11 5
7 12 36
7 13 44
7 14 21
7 15 59
7 16 16
7 17 43
7 18 49
7 19 54
7 20 21
7 21 57
7 22 34
7 23 20
7 24 11
7 25 17
7 26 32
7 27 52
7 28 73
7 29 42
7 30 31
7 31 34
7 32 55
7 33 5
7 34 4
7 35 42
7 36 59
7 37 36
7 38 31
7 39 63
7 40 59
7 41 52
7 42 60
7 43 1
7 44 46
7 45 73
7 46 30
7 47 2
7 48 73
7 49 8
7 50 45
7 51 26
7 52 39
7 53 47
7 54 11
7 55 41
7 56 39
8 9 42
8 10 59
8 11 6
8 12 22
8 13 33
8 14 68
8 15 74
8 16 61
8 17 72
8 18 11
8 19 36
8 20 57
8 21 9
8 22 65
8 23 46
8 24 69
8 25 73
8 26 44
8 27 39
8 28 45
8 29 9
8 30 12
8 31 66
8 32 26
8 33 50
8 34 10
8 35 39
8 36 21
8 37 14
8 38 47
8 39 73
8 40 23
8 41 4
8 42 60
8 43 68
8 44 62
8 45 26
8 46 22
8 47 21
8 48 47
8 49 48
8 50 39
8 51 66
8 52 56
8 53 54
8 54 25
8 55 11
8 56 17
8 57 21
9 10 24
9 11 73
9 12 45
9 13 19
9 14 33
9 15 40
9 16 75
9 17 74
9 18 68
9 19 34
9 20 65
9 21 15
9 22 4
9 23 26
9 24 24
9 25 38
9 26 6
9 27 9
9 28 42
9 29 60
9 30 64
9 31 10
9 32 69
9 33 73
9 34 9
9 35 51
9 36 56
9 37 61
9 38 28
9 39 21
9 40 31
9 41 20
9 42 33
9 43 26
9 44 4
9 45 54
9 46 32
9 47 2
9 48 64
9 49 35
9 50 17
9 51 51
9 52 31
9 53 6
9 54 12
9 55 5
9 56 7
9 57 46
9 58 53
10 11 7
10 12 31
10 13 67
10 14 30
10 15 45
10 16 56
10 17 54
10 18 44
10 19 15
10 20 36
10 21 3
10 22 27
10 23 13
10 24 19
10 25 57
10 26 18
10 27 11
10 28 58
10 29 26
10 30 38
10 31 69
10 32 36
10 33 17
10 34 63
10 35 9
10 36 34
10 37 34
10 38 42
10 39 19
10 40 22
10 41 50
10 42 57
10 43 14
10 44 21
10 45 18
10 46 55
10 47 63
10 48 40
10 49 27
10 50 24
10 51 75
10 52 30
10 53 58
10 54 4
10 55 38
10 56 26
10 57 72
10 58 46
10 59 40
11 12 47
11 13 57
11 14 2
11 15 37
11 16 54
11 17 15
11 18 41
11 19 46
11 20 6
11 21 13
11 22 69
11 23 49
11 24 44
11 25 40
11 26 47
11 27 8
11 28 44
11 29 30
11 30 4
11 31 8
11 32 18
11 33 24
11 34 55
11 35 2
11 36 4
11 37 62
11 38 51
11 39 43
11 40 64
11 41 64
11 42 54
11 43 70
11 44 10
11 45 9
11 46 65
11 47 58
11 48 30
11 49 16
11 50 15
11 51 33
11 52 25
11 53 45
11 54 57
11 55 39
11 56 24
11 57 18
11 58 47
11 59 71
11 60 1
12 13 28
12 14 39
12 15 73
12 16 55
12 17 3
12 18 28
12 19 25
12 20 32
12 21 55
12 22 3
12 23 44
12 24 48
12 25 60
12 26 37
12 27 43
12 28 49
12 29 40
12 30 56
12 31 57
12 32 38
12 33 72
12 34 12
12 35 59
12 36 2
12 37 16
12 38 63
12 39 39
12 40 42
12 41 7
12 42 64
12 43 66
12 44 56
12 45 36
12 46 33
12 47 30
12 48 17
12 49 33
12 50 27
12 51 33
12 52 14
12 53 46
12 54 48
12 55 50
12 56 67
12 57 73
12 58 75
12 59 14
12 60 13
12 61 70
13 14 67
13 15 40
13 16 42
13 17 13
13 18 53
13 19 74
13 20 42
13 21 46
13 22 35
13 23 54
13 24 43
13 25 11
13 26 70
13 27 40
13 28 62
13 29 41
13 30 4
13 31 17
13 32 42
13 33 6
13 34 16
13 35 70
13 36 47
13 37 45
13 38 34
13 39 1
13 40 2
13 41 74
13 42 37
13 43 12
13 44 47
13 45 1
13 46 18
13 47 53
13 48 31
13 49 2
13 50 14
13 51 45
13 52 48
13 53 50
13 54 60
13 55 45
13 56 38
13 57 15
13 58 10
13 59 49
13 60 34
13 61 7
13 62 53
14 15 60
14 16 42
14 17 50
14 18 62
14 19 47
14 20 52
14 21 67
14 22 73
14 23 18
14 24 45
14 25 45
14 26 25
14 27 31
14 28 1
14 29 52
14 30 49
14 31 49
14 32 57
14 33 3
14 34 13
14 35 13
14 36 10
14 37 73
14 38 51
14 39 7
14 40 73
14 41 19
14 42 64
14 43 64
14 44 4
14 45 13
14 46 68
14 47 6
14 48 57
14 49 59
14 50 11
14 51 38
14 52 20
14 53 8
14 54 49
14 55 11
14 56 11
14 57 46
14 58 22
14 59 59
14 60 72
14 61 67
14 62 33
14 63 4
15 16 42
15 17 42
15 18 17
15 19 38
15 20 65
15 21 26
15 22 8
15 23 8
15 24 57
15 25 25
15 26 28
15 27 7
15 28 40
15 29 69
15 30 39
15 31 24
15 32 22
15 33 9
15 34 75
15 35 15
15 36 48
15 37 67
15 38 43
15 39 75
15 40 32
15 41 67
15 42 49
15 43 12
15 44 40
15 45 31
15 46 30
15 47 19
15 48 42
15 49 10
15 50 41
15 51 22
15 52 25
15 53 29
15 54 38
15 55 74
15 56 50
15 57 14
15 58 69
15 59 57
15 60 59
15 61 73
15 62 50
15 63 19
15 64 35
16 17 36
16 18 58
16 19 18
16 20 13
16 21 57
16 22 48
16 23 44
16 24 51
16 25 51
16 26 67
16 27 5
16 28 32
16 29 31
16 30 40
16 31 66
16 32 6
16 33 32
16 34 28
16 35 37
16 36 21
16 37 41
16 38 33
16 39 38
16 40 34
16 41 42
16 42 7
16 43 26
16 44 52
16 45 39
16 46 35
16 47 23
16 48 19
16 49 42
16 50 9
16 51 32
16 52 34
16 53 75
16 54 68
16 55 71
16 56 38
16 57 3
16 58 15
16 59 15
16 60 50
16 61 45
16 62 15
16 63 4
16 64 58
16 65 70
17 18 13
17 19 24
17 20 67
17 21 48
17 22 38
17 23 42
17 24 64
17 25 5
17 26 66
17 27 40
17 28 25
17 29 63
17 30 33
17 31 32
17 32 7
17 33 56
17 34 53
17 35 53
17 36 51
17 37 55
17 38 67
17 39 11
17 40 41
17 41 13
17 42 10
17 43 20
17 44 44
17 45 19
17 46 71
17 47 27
17 48 28
17 49 32
17 50 62
17 51 50
17 52 59
17 53 64
17 54 69
17 55 49
17 56 29
17 57 70
17 58 39
17 59 52
17 60 72
17 61 52
17 62 74
17 63 34
17 64 22
17 65 42
17 66 4
18 19 34
18 20 43
18 21 45
18 22 28
18 23 55
18 24 31
18 25 54
18 26 69
18 27 39
18 28 8
18 29 11
18 30 62
18 31 38
18 32 38
18 33 69
18 34 43
18 35 67
18 36 71
18 37 36
18 38 65
18 39 14
18 40 8
18 41 58
18 42 59
18 43 21
18 44 5
18 45 45
18 46 69
18 47 50
18 48 43
18 49 63
18 50 17
18 51 3
18 52 49
18 53 4
18 54 62
18 55 9
18 56 56
18 57 72
18 58 63
18 59 64
18 60 4
18 61 27
18 62 39
18 63 65
18 64 51
18 65 58
18 66 59
18 67 41
19 20 3
19 21 20
19 22 49
19 23 70
19 24 2
19 25 45
19 26 64
19 27 19
19 28 28
19 29 73
19 30 20
19 31 20
19 32 25
19 33 51
19 34 9
19 35 75
19 36 69
19 37 19
19 38 43
19 39 7
19 40 40
19 41 56
19 42 60
19 43 32
19 44 50
19 45 10
19 46 65
19 47 45
19 48 73
19 49 11
19 50 15
19 51 20
19 52 71
19 53 49
19 54 49
19 55 72
19 56 10
19 57 45
19 58 42
19 59 65
19 60 49
19 61 22
19 62 42
19 63 20
19 64 59
19 65 28
19 66 65
19 67 54
19 68 38
20 21 20
20 22 58
20 23 12
20 24 47
20 25 25
20 26 64
20 27 4
20 28 4
20 29 57
20 30 25
20 31 48
20 32 3
20 33 40
20 34 32
20 35 54
20 36 54
20 37 60
20 38 36
20 39 8
20 40 70
20 41 13
20 42 1
20 43 6
20 44 18
20 45 11
20 46 51
20 47 37
20 48 28
20 49 2
20 50 47
20 51 7
20 52 50
20 53 28
20 54 50
20 55 19
20 56 47
20 57 22
20 58 18
20 59 38
20 60 6
20 61 17
20 62 51
20 63 62
20 64 13
20 65 35
20 66 66
20 67 39
20 68 4
20 69 21
21 22 52
21 23 46
21 24 68
21 25 46
21 26 46
21 27 44
21 28 6
21 29 39
21 30 51
21 31 54
21 32 29
21 33 31
21 34 14
21 35 15
21 36 20
21 37 55
21 38 65
21 39 25
21 40 13
21 41 36
21 42 57
21 43 17
21 44 33
21 45 2
21 46 35
21 47 54
21 48 5
21 49 57
21 50 49
21 51 54
21 52 22
21 53 28
21 54 37
21 55 47
21 56 56
21 57 58
21 58 43
21 59 47
21 60 42
21 61 5
21 62 21
21 63 45
21 64 41
21 65 47
21 66 67
21 67 31
21 68 46
21 69 72
21 70 6
22 23 10
22 24 5
22 25 11
22 26 57
22 27 52
22 28 68
22 29 62
22 30 26
22 31 30
22 32 8
22 33 64
22 34 72
22 35 50
22 36 54
22 37 66
22 38 12
22 39 20
22 40 23
22 41 42
22 42 48
22 43 20
22 44 67
22 45 54
22 46 6
22 47 34
22 48 74
22 49 39
22 50 54
22 51 40
22 52 17
22 53 58
22 54 44
22 55 46
22 56 43
22 57 48
22 58 13
22 59 21
22 60 23
22 61 34
22 62 54
22 63 42
22 64 41
22 65 15
22 66 34
22 67 47
22 68 66
22 69 20
22 70 4
22 71 14
23 24 6
23 25 57
23 26 51
23 27 19
23 28 22
23 29 62
23 30 13
23 31 19
23 32 60
23 33 63
23 34 51
23 35 20
23 36 15
23 37 50
23 38 56
23 39 44
23 40 5
23 41 17
23 42 14
23 43 67
23 44 59
23 45 1
23 46 59
23 47 51
23 48 69
23 49 22
23 50 62
23 51 42
23 52 74
23 53 39
23 54 4
23 55 33
23 56 5
23 57 55
23 58 70
23 59 10
23 60 57
23 61 43
23 62 65
23 63 29
23 64 43
23 65 17
23 66 40
23 67 30
23 68 55
23 69 38
23 70 26
23 71 65
23 72 37
24 25 16
24 26 54
24 27 45
24 28 11
24 29 26
24 30 24
24 31 62
24 32 30
24 33 24
24 34 9
24 35 13
24 36 57
24 37 47
24 38 11
24 39 5
24 40 39
24 41 40
24 42 35
24 43 32
24 44 29
24 45 2
24 46 14
24 47 75
24 48 52
24 49 15
24 50 20
24 51 51
24 52 48
24 53 5
24 54 19
24 55 75
24 56 55
24 57 31
24 58 11
24 59 25
24 60 56
24 61 61
24 62 50
24 63 75
24 64 44
24 65 2
24 66 14
24 67 44
24 68 22
24 69 71
24 70 12
24 71 42
24 72 72
24 73 42
26 27 75
26 28 46
26 29 30
26 30 10
26 31 48
26 32 62
26 33 59
26 34 26
26 35 10
26 36 28
26 37 48
26 38 56
26 39 64
26 40 3
26 41 6
26 42 65
26 43 40
26 44 37
26 45 49
26 46 21
26 47 18
26 48 24
26 49 40
26 50 45
26 51 26
26 52 60
26 53 75
26 54 28
26 55 14
26 56 49
26 57 26
26 58 62
26 59 19
26 60 1
26 61 10
26 62 40
26 63 28
26 64 58
26 65 66
26 66 46
26 67 27
26 68 26
26 69 65
26 70 74
26 71 15
26 72 6
26 73 49
26 74 15
26 75 66
27 28 31
27 29 17
27 30 4
27 31 37
27 32 41
27 33 30
27 34 20
27 35 56
27 36 37
27 37 43
27 38 14
27 39 33
27 40 37
27 41 21
27 42 51
27 43 10
27 44 37
27 45 67
27 46 73
27 47 36
27 48 68
27 49 60
27 50 75
27 51 15
27 52 41
27 53 26
27 54 70
27 55 14
27 56 32
27 57 69
27 58 54
27 59 29
27 60 16
27 61 53
27 62 32
27 63 7
27 64 41
27 65 45
27 66 53
27 67 48
27 68 17
27 69 39
27 70 71
27 71 21
27 72 3
27 73 4
27 74 43
27 75 45
27 76 5
28 29 16
28 30 7
28 31 55
28 32 39
28 33 57
28 34 60
28 35 70
28 36 75
28 37 63
28 38 60
28 39 32
28 40 25
28 41 48
28 42 74
28 43 10
28 44 23
28 45 1
28 46 62
28 47 35
28 48 48
28 49 70
28 50 15
28 51 73
28 52 19
28 53 3
28 54 29
28 55 48
28 56 53
28 57 25
28 58 67
28 59 43
28 60 14
28 61 41
28 62 37
28 63 16
28 64 3
28 65 45
28 66 62
28 67 58
28 68 63
28 69 36
28 70 19
28 71 17
28 72 5
28 73 73
28 74 45
28 75 9
28 76 35
28 77 46
29 30 64
29 31 67
29 32 33
29 33 5
29 34 9
29 35 69
29 36 19
29 37 9
29 38 64
29 39 72
29 40 17
29 41 5
29 42 38
29 43 20
29 44 31
29 45 41
29 46 4
29 47 46
29 48 73
29 49 53
29 50 50
29 51 55
29 52 52
29 53 10
29 54 74
29 55 6
29 56 22
29 57 64
29 58 50
29 59 4
29 60 36
29 61 49
29 62 58
29 63 48
29 64 64
29 65 41
29 66 48
29 67 13
29 68 32
29 69 50
29 70 64
29 71 55
29 72 14
29 73 71
29 74 55
29 75 71
29 76 44
29 77 28
29 78 50
30 31 5
30 32 15
30 33 68
30 34 60
30 35 23
30 36 62
30 37 60
30 38 65
30 39 15
30 40 19
30 41 62
30 42 19
30 43 19
30 44 49
30 45 75
30 46 37
30 47 22
30 48 13
30 49 8
30 50 70
30 51 7
30 52 66
30 53 71
30 54 31
30 55 1
30 56 2
30 57 62
30 58 31
30 59 73
30 60 40
30 61 37
30 62 14
30 63 50
30 64 67
30 65 51
30 66 71
30 67 42
30 68 9
30 69 68
30 70 34
30 71 37
30 72 2
30 73 8
30 74 43
30 75 26
30 76 12
30 77 59
30 78 20
30 79 69
31 32 17
31 33 6
31 34 34
31 35 44
31 36 54
31 37 70
31 38 30
31 39 9
31 40 23
31 41 16
31 42 70
31 43 13
31 44 42
31 45 7
31 46 65
31 47 28
31 48 44
31 49 75
31 50 51
31 51 19
31 52 8
31 53 27
31 54 29
31 55 5
31 56 49
31 57 61
31 58 1
31 59 57
31 60 48
31 61 11
31 62 56
31 63 38
31 64 53
31 65 6
31 66 41
31 67 15
31 68 1
31 69 3
31 70 25
31 71 17
31 72 33
31 73 65
31 74 54
31 75 32
31 76 67
31 77 12
31 78 42
31 79 48
31 80 68
32 33 44
32 34 47
32 35 11
32 36 25
32 37 28
32 38 65
32 39 3
32 40 72
32 41 16
32 42 7
32 43 62
32 44 12
32 45 21
32 46 45
32 47 66
32 48 8
32 49 67
32 50 30
32 51 8
32 52 51
32 53 39
32 54 2
32 55 71
32 56 58
32 57 56
32 58 24
32 59 65
32 60 59
32 61 1
32 62 35
32 63 15
32 64 49
32 65 1
32 66 74
32 67 72
32 68 9
32 69 45
32 70 53
32 71 64
32 72 62
32 73 38
32 74 33
32 75 16
32 76 8
32 77 40
32 78 28
32 79 42
32 80 7
32 81 15
33 34 20
33 35 50
33 36 62
33 37 28
33 38 6
33 39 2
33 40 34
33 41 48
33 42 42
33 43 49
33 44 56
33 45 56
33 46 32
33 47 68
33 48 35
33 49 22
33 50 23
33 51 62
33 52 49
33 53 51
33 54 45
33 55 50
33 56 6
33 57 57
33 58 1
33 59 22
33 60 38
33 61 16
33 62 26
33 63 44
33 64 25
33 65 59
33 66 64
33 67 47
33 68 29
33 69 57
33 70 17
33 71 42
33 72 30
33 73 47
33 74 68
33 75 58
33 76 73
33 77 50
33 78 26
33 79 53
33 80 31
33 81 56
33 82 8
34 35 32
34 36 52
34 37 3
34 38 69
34 39 11
34 40 15
34 41 39
34 42 45
34 43 66
34 44 20
34 45 47
34 46 16
34 47 62
34 48 12
34 49 19
34 50 11
34 51 20
34 52 23
34 53 55
34 54 44
34 55 15
34 56 62
34 57 64
34 58 24
34 59 30
34 60 45
34 61 55
34 62 37
34 63 45
34 64 48
34 65 2
34 66 25
34 67 74
34 68 18
34 69 4
34 70 45
34 71 63
34 72 5
34 73 64
34 74 22
34 75 24
34 76 31
34 77 29
34 78 72
34 79 10
34 80 44
34 81 67
34 82 67
34 83 38
35 36 9
35 37 29
35 38 27
35 39 24
35 40 35
35 41 75
35 42 36
35 43 70
35 44 30
35 45 71
35 46 65
35 47 49
35 48 74
35 49 47
35 50 40
35 51 61
35 52 52
35 53 33
35 54 49
35 55 30
35 56 36
35 57 69
35 58 12
35 59 57
35 60 30
35 61 68
35 62 4
35 63 46
35 64 57
35 65 47
35 66 49
35 67 74
35 68 26
35 69 8
35 70 2
35 71 74
35 72 3
35 73 9
35 74 8
35 75 15
35 76 26
35 77 33
35 78 7
35 79 51
35 80 69
35 81 18
35 82 56
35 83 68
35 84 41
36 37 4
36 38 72
36 39 42
36 40 61
36 41 38
36 42 73
36 43 64
36 44 19
36 45 7
36 46 75
36 47 39
36 48 20
36 49 18
36 50 13
36 51 35
36 52 6
36 53 61
36 54 51
36 55 13
36 56 56
36 57 27
36 58 8
36 59 27
36 60 55
36 61 11
36 62 14
36 63 24
36 64 4
36 65 1
36 66 37
36 67 72
36 68 61
36 69 45
36 70 12
36 71 71
36 72 19
36 73 59
36 74 31
36 75 62
36 76 39
36 77 24
36 78 35
36 79 40
36 80 61
36 81 15
36 82 50
36 83 61
36 84 21
36 85 25
37 38 70
37 39 40
37 40 47
37 41 38
37 42 74
37 43 55
37 44 51
37 45 37
37 46 33
37 47 74
37 48 53
37 49 4
37 50 43
37 51 62
37 52 68
37 53 56
37 54 39
37 55 5
37 56 21
37 57 74
37 58 51
37 59 61
37 60 59
37 61 68
37 62 52
37 63 41
37 64 30
37 65 30
37 66 49
37 67 58
37 68 51
37 69 42
37 70 32
37 71 67
37 72 18
37 73 43
37 74 8
37 75 27
37 76 29
37 77 46
37 78 38
37 79 14
37 80 22
37 81 52
37 82 40
37 83 1
37 84 48
37 85 21
37 86 23
38 39 74
38 40 2
38 41 19
38 42 8
38 43 39
38 44 55
38 45 5
38 46 6
38 47 46
38 48 18
38 49 72
38 50 44
38 51 23
38 52 59
38 53 24
38 54 29
38 55 61
38 56 43
38 57 3
38 58 63
38 59 10
38 60 14
38 61 13
38 62 35
38 63 22
38 64 34
38 65 66
38 66 72
38 67 58
38 68 67
38 69 5
38 70 39
38 71 58
38 72 42
38 73 30
38 74 61
38 75 70
38 76 51
38 77 64
38 78 41
38 79 5
38 80 7
38 81 66
38 82 69
38 83 17
38 84 33
38 85 61
38 86 4
38 87 43
39 40 29
39 41 62
39 42 24
39 43 16
39 44 68
39 45 41
39 46 21
39 47 56
39 48 10
39 49 9
39 50 71
39 51 20
39 52 35
39 53 75
39 54 24
39 55 22
39 56 41
39 57 5
39 58 53
39 59 59
39 60 15
39 61 50
39 62 19
39 63 12
39 64 33
39 65 73
39 66 12
39 67 20
39 68 43
39 69 33
39 70 33
39 71 71
39 72 10
39 73 17
39 74 54
39 75 42
39 76 33
39 77 26
39 78 31
39 79 64
39 80 10
39 81 49
39 82 73
39 83 4
39 84 69
39 85 17
39 86 23
39 87 55
39 88 36
40 41 24
40 42 23
40 43 32
40 44 38
40 45 60
40 46 13
40 47 47
40 48 54
40 49 28
40 50 47
40 51 29
40 52 52
40 53 23
40 54 5
40 55 17
40 56 59
40 57 62
40 58 32
40 59 49
40 60 3
40 61 69
40 62 73
40 63 3
40 64 14
40 65 5
40 66 22
40 67 15
40 68 37
40 69 1
40 70 5
40 71 19
40 72 65
40 73 62
40 74 49
40 75 75
40 76 19
40 77 12
40 78 13
40 79 70
40 80 14
40 81 65
40 82 69
40 83 56
40 84 44
40 85 35
40 86 26
40 87 65
40 88 70
40 89 52
41 42 45
41 43 19
41 44 45
41 45 59
41 46 26
41 47 54
41 48 18
41 49 63
41 50 51
41 51 50
41 52 75
41 53 38
41 54 29
41 55 36
41 56 65
41 57 30
41 58 2
41 59 42
41 60 1
41 61 66
41 62 42
41 63 51
41 64 37
41 65 51
41 66 46
41 67 66
41 68 11
41 69 12
41 70 6
41 71 21
41 72 6
41 73 12
41 74 61
41 75 45
41 76 24
41 77 2
41 78 4
41 79 3
41 80 13
41 81 46
41 82 40
41 83 60
41 84 58
41 85 52
41 86 65
41 87 50
41 88 70
41 89 67
41 90 18
42 43 42
42 44 74
42 45 38
42 46 64
42 47 8
42 48 21
42 49 71
42 50 66
42 51 31
42 52 54
42 53 12
42 54 74
42 55 1
42 56 66
42 57 52
42 58 35
42 59 25
42 60 67
42 61 17
42 62 17
42 63 7
42 64 17
42 65 30
42 66 58
42 67 58
42 68 34
42 69 10
42 70 43
42 71 53
42 72 11
42 73 30
42 74 21
42 75 21
42 76 1
42 77 26
42 78 45
42 79 13
42 80 40
42 81 23
42 82 12
42 83 13
42 84 59
42 85 29
42 86 31
42 87 70
42 88 15
42 89 17
42 90 27
42 91 57
43 44 14
43 45 38
43 46 10
43 47 53
43 48 1
43 49 71
43 50 5
43 51 59
43 52 59
43 53 8
43 54 42
43 55 50
43 56 5
43 57 41
43 58 74
43 59 19
43 60 74
43 61 45
43 62 50
43 63 48
43 64 3
43 65 67
43 66 17
43 67 60
43 68 47
43 69 25
43 70 35
43 71 2
43 72 3
43 73 31
43 74 51
43 75 25
43 76 70
43 77 12
43 78 47
43 79 13
43 80 53
43 81 46
43 82 42
43 83 69
43 84 20
43 85 72
43 86 71
43 87 29
43 88 63
43 89 9
43 90 8
43 91 5
43 92 21
44 45 61
44 46 65
44 47 37
44 48 47
44 49 68
44 50 74
44 51 67
44 52 18
44 53 46
44 54 11
44 55 41
44 56 11
44 57 3
44 58 75
44 59 30
44 60 73
44 61 60
44 62 35
44 63 38
44 64 47
44 65 43
44 66 24
44 67 13
44 68 38
44 69 44
44 70 65
44 71 45
44 72 63
44 73 12
44 74 74
44 75 56
44 76 58
44 77 52
44 78 31
44 79 3
44 80 15
44 81 57
44 82 57
44 83 38
44 84 39
44 85 62
44 86 46
44 87 61
44 88 52
44 89 49
44 90 21
44 91 50
44 92 69
44 93 52
45 46 72
45 47 25
45 48 73
45 49 6
45 50 4
45 51 47
45 52 20
45 53 63
45 54 33
45 55 31
45 56 49
45 57 1
45 58 54
45 59 28
45 60 20
45 61 21
45 62 10
45 63 59
45 64 31
45 65 55
45 66 15
45 67 21
45 68 4
45 69 2
45 70 65
45 71 39
45 72 34
45 73 27
45 74 49
45 75 29
45 76 71
45 77 57
45 78 59
45 79 53
45 80 4
45 81 67
45 82 75
45 83 58
45 84 8
45 85 45
45 86 47
45 87 29
45 88 63
45 89 51
45 90 7
45 91 21
45 92 40
45 93 41
45 94 31
46 47 19
46 48 35
46 49 48
46 50 33
46 51 46
46 52 22
46 53 9
46 54 68
46 55 22
46 56 40
46 57 63
46 58 7
46 59 13
46 60 38
46 61 23
46 62 74
46 63 6
46 64 72
46 65 21
46 66 47
46 67 49
46 68 8
46 69 72
46 70 63
46 71 41
46 72 42
46 73 6
46 74 25
46 75 33
46 76 51
46 77 29
46 78 22
46 79 65
46 80 59
46 81 29
46 82 34
46 83 27
46 84 34
46 85 58
46 86 46
46 87 25
46 88 21
46 89 30
46 90 58
46 91 50
46 92 11
46 93 67
46 94 75
46 95 60
47 48 1
47 49 67
47 50 2
47 51 45
47 52 13
47 53 31
47 54 17
47 55 13
47 56 55
47 57 7
47 58 61
47 59 3
47 60 37
47 61 29
47 62 23
47 63 30
47 64 69
47 65 26
47 66 45
47 67 39
47 68 47
47 69 23
47 70 74
47 71 57
47 72 25
47 73 48
47 74 4
47 75 71
47 76 52
47 77 37
47 78 40
47 79 59
47 80 14
47 81 22
47 82 67
47 83 29
47 84 6
47 85 70
47 86 19
47 87 16
47 88 45
47 89 15
47 90 43
47 91 10
47 92 14
47 93 55
47 94 48
47 95 27
47 96 42
48 49 47
48 50 26
48 51 22
48 52 67
48 53 23
48 54 66
48 55 66
48 56 61
48 57 6
48 58 4
48 59 8
48 60 23
48 61 35
48 62 45
48 63 75
48 64 40
48 65 33
48 66 8
48 67 46
48 68 31
48 69 68
48 70 55
48 71 3
48 72 63
48 73 13
48 74 58
48 75 62
48 76 41
48 77 45
48 78 67
48 79 1
48 80 67
48 81 44
48 82 8
48 83 22
48 84 59
48 85 1
48 86 25
48 87 8
48 88 12
48 89 31
48 90 67
48 91 37
48 92 24
48 93 28
48 94 71
48 95 41
48 96 25
48 97 17
49 50 53
49 51 3
49 52 14
49 53 34
49 54 4
49 55 44
49 56 10
49 57 75
49 58 6
49 59 24
49 60 12
49 61 31
49 62 1
49 63 29
49 64 17
49 65 55
49 66 24
49 67 5
49 68 68
49 69 21
49 70 65
49 71 58
49 72 61
49 73 20
49 74 34
49 75 50
49 76 67
49 77 16
49 78 19
49 79 31
49 80 27
49 81 54
49 82 73
49 83 31
49 84 66
49 85 47
49 86 35
49 87 17
49 88 22
49 89 45
49 90 27
49 91 4
49 92 19
49 93 75
49 94 51
49 95 11
49 96 28
49 97 47
49 98 23
51 52 34
51 53 60
51 54 44
51 55 1
51 56 32
51 57 64
51 58 64
51 59 20
51 60 52
51 61 55
51 62 55
51 63 61
51 64 6
51 65 36
51 66 36
51 67 69
51 68 41
51 69 34
51 70 46
51 71 10
51 72 68
51 73 68
51 74 4
51 75 10
51 76 11
51 77 38
51 78 19
51 79 57
51 80 37
51 81 13
51 82 14
51 83 10
51 84 22
51 85 37
51 86 2
51 87 8
51 88 17
51 89 73
51 90 2
51 91 20
51 92 41
51 93 41
51 94 48
51 95 67
51 96 35
51 97 2
51 98 61
51 99 43
51 100 59
52 53 26
52 54 25
52 55 25
52 56 37
52 57 57
52 58 72
52 59 35
52 60 25
52 61 57
52 62 16
52 63 46
52 64 45
52 65 54
52 66 24
52 67 22
52 68 8
52 69 73
52 70 56
52 71 32
52 72 49
52 73 34
52 74 28
52 75 26
52 76 41
52 77 51
52 78 26
52 79 41
52 80 21
52 81 59
52 82 34
52 83 51
52 84 60
52 85 68
52 86 15
52 87 2
52 88 33
52 89 68
52 90 45
52 91 68
52 92 62
52 93 69
52 94 52
52 95 5
52 96 49
52 97 10
52 98 32
52 99 12
52 100 72
52 101 19
53 54 24
53 55 15
53 56 38
53 57 71
53 58 44
53 59 24
53 60 64
53 61 51
53 62 71
53 63 58
53 64 45
53 65 69
53 66 8
53 67 33
53 68 70
53 69 41
53 70 23
53 71 59
53 72 11
53 73 15
53 74 14
53 75 22
53 76 66
53 77 31
53 78 22
53 79 62
53 80 11
53 81 70
53 82 48
53 83 16
53 84 13
53 85 59
53 86 43
53 87 39
53 88 15
53 89 57
53 90 20
53 91 41
53 92 13
53 93 48
53 94 46
53 95 27
53 96 4
53 97 58
53 98 55
53 99 15
53 100 36
53 101 8
53 102 44
54 55 16
54 56 7
54 57 65
54 58 13
54 59 49
54 60 46
54 61 75
54 62 62
54 63 12
54 64 29
54 65 74
54 66 18
54 67 73
54 68 42
54 69 28
54 70 68
54 71 36
54 72 60
54 73 38
54 74 50
54 75 61
54 76 28
54 77 55
54 78 56
54 79 70
54 80 53
54 81 66
54 82 41
54 83 18
54 84 31
54 85 59
54 86 37
54 87 2
54 88 43
54 89 40
54 90 69
54 91 26
54 92 10
54 93 3
54 94 49
54 95 3
54 96 2
54 97 54
54 98 68
54 99 53
54 100 74
54 101 19
54 102 67
54 103 4
55 56 25
55 57 67
55 58 59
55 59 33
55 60 64
55 61 42
55 62 8
55 63 32
55 64 55
55 65 34
55 66 31
55 67 75
55 68 53
55 69 20
55 70 20
55 71 48
55 72 75
55 73 20
55 74 63
55 75 44
55 76 63
55 77 42
55 78 31
55 79 53
55 80 74
55 81 9
55 82 60
55 83 45
55 84 25
55 85 62
55 86 27
55 87 56
55 88 19
55 89 16
55 90 17
55 91 23
55 92 22
55 93 32
55 94 14
55 95 43
55 96 20
55 97 54
55 98 17
55 99 13
55 100 8
55 101 17
55 102 60
55 103 30
55 104 33
56 57 45
56 58 1
56 59 54
56 60 39
56 61 4
56 62 42
56 63 57
56 64 10
56 65 25
56 66 13
56 67 8
56 68 14
56 69 23
56 70 57
56 71 36
56 72 52
56 73 69
56 74 15
56 75 26
56 76 4
56 77 71
56 78 2
56 79 42
56 80 56
56 81 1
56 82 21
56 83 61
56 84 40
56 85 64
56 86 38
56 87 33
56 88 18
56 89 43
56 90 75
56 91 55
56 92 58
56 93 30
56 94 29
56 95 75
56 96 23
56 97 2
56 98 39
56 99 23
56 100 32
56 101 8
56 102 35
56 103 19
56 104 8
56 105 24
57 58 1
57 59 45
57 60 7
57 61 32
57 62 33
57 63 61
57 64 36
57 65 56
57 66 40
57 67 13
57 68 38
57 69 9
57 70 68
57 71 53
57 72 70
57 73 72
57 74 75
57 75 28
57 76 45
57 77 47
57 78 67
57 79 10
57 80 64
57 81 35
57 82 51
57 83 10
57 84 41
57 85 57
57 86 29
57 87 53
57 88 16
57 89 71
57 90 22
57 91 50
57 92 13
57 93 13
57 94 42
57 95 52
57 96 38
57 97 68
57 98 2
57 99 19
57 100 73
57 101 69
57 102 9
57 103 31
57 104 44
57 105 33
57 106 36
58 59 52
58 60 56
58 61 67
58 62 58
58 63 22
58 64 1
58 65 29
58 66 64
58 67 33
58 68 47
58 69 56
58 70 32
58 71 58
58 72 73
58 73 15
58 74 60
58 75 53
58 76 42
58 77 24
58 78 11
58 79 6
58 80 45
58 81 35
58 82 49
58 83 5
58 84 39
58 85 28
58 86 4
58 87 15
58 88 25
58 89 51
58 90 49
58 91 33
58 92 41
58 93 2
58 94 19
58 95 45
58 96 15
58 97 10
58 98 67
58 99 49
58 100 63
58 101 59
58 102 58
58 103 59
58 104 12
58 105 18
58 106 28
58 107 62
59 60 72
59 61 13
59 62 17
59 63 45
59 64 52
59 65 1
59 66 2
59 67 48
59 68 18
59 69 72
59 70 26
59 71 13
59 72 74
59 73 49
59 74 53
59 75 23
59 76 53
59 77 66
59 78 27
59 79 64
59 80 51
59 81 20
59 82 44
59 83 18
59 84 51
59 85 35
59 86 56
59 87 15
59 88 41
59 89 29
59 90 10
59 91 4
59 92 48
59 93 10
59 94 56
59 95 4
59 96 21
59 97 31
59 98 47
59 99 27
59 100 72
59 101 74
59 102 38
59 103 37
59 104 9
59 105 25
59 106 13
59 107 63
59 108 53
60 61 60
60 62 62
60 63 3
60 64 26
60 65 12
60 66 40
60 67 39
60 68 4
60 69 16
60 70 2
60 71 24
60 72 63
60 73 59
60 74 46
60 75 70
60 76 52
60 77 19
60 78 9
60 79 14
60 80 70
60 81 5
60 82 21
60 83 70
60 84 61
60 85 21
60 86 34
60 87 67
60 88 44
60 89 71
60 90 73
60 91 69
60 92 60
60 93 33
60 94 39
60 95 56
60 96 23
60 97 14
60 98 16
60 99 74
60 100 48
60 101 38
60 102 15
60 103 8
60 104 55
60 105 67
60 106 26
60 107 42
60 108 36
60 109 13
61 62 47
61 63 68
61 64 71
61 65 39
61 66 49
61 67 71
61 68 4
61 69 54
61 70 45
61 71 69
61 72 56
61 73 12
61 74 48
61 75 18
61 76 36
61 77 55
61 78 2
61 79 3
61 80 9
61 81 66
61 82 37
61 83 13
61 84 34
61 85 63
61 86 24
61 87 39
61 88 51
61 89 67
61 90 19
61 91 47
61 92 36
61 93 14
61 94 43
61 95 30
61 96 22
61 97 31
61 98 29
61 99 71
61 100 44
61 101 7
61 102 8
61 103 13
61 104 56
61 105 35
61 106 58
61 107 34
61 108 73
61 109 15
61 110 1
62 63 10
62 64 24
62 65 4
62 66 49
62 67 51
62 68 25
62 69 40
62 70 10
62 71 60
62 72 63
62 73 20
62 74 59
62 75 67
62 76 74
62 77 38
62 78 12
62 79 37
62 80 75
62 81 29
62 82 26
62 83 57
62 84 31
62 85 27
62 86 20
62 87 44
62 88 43
62 89 31
62 90 30
62 91 32
62 92 68
62 93 16
62 94 37
62 95 36
62 96 48
62 97 75
62 98 25
62 99 15
62 100 39
62 101 39
62 102 67
62 103 13
62 104 31
62 105 19
62 106 24
62 107 69
62 108 64
62 109 23
62 110 67
62 111 69
63 64 41
63 65 54
63 66 32
63 67 27
63 68 61
63 69 38
63 70 64
63 71 45
63 72 75
63 73 45
63 74 42
63 75 8
63 76 14
63 77 3
63 78 17
63 79 29
63 80 42
63 81 73
63 82 19
63 83 43
63 84 36
63 85 6
63 86 12
63 87 48
63 88 36
63 89 30
63 90 11
63 91 17
63 92 43
63 93 50
63 94 26
63 95 4
63 96 1
63 97 69
63 98 60
63 99 61
63 100 50
63 101 14
63 102 40
63 103 44
63 104 34
63 105 60
63 106 44
63 107 16
63 108 15
63 109 45
63 110 54
63 111 64
63 112 18
64 65 39
64 66 37
64 67 54
64 68 23
64 69 55
64 70 5
64 71 69
64 72 24
64 73 64
64 74 21
64 75 51
64 76 61
64 77 30
64 78 54
64 79 45
64 80 32
64 81 20
64 82 47
64 83 71
64 84 49
64 85 6
64 86 13
64 87 42
64 88 33
64 89 39
64 90 61
64 91 20
64 92 17
64 93 49
64 94 23
64 95 69
64 96 6
64 97 26
64 98 59
64 99 33
64 100 26
64 101 23
64 102 33
64 103 60
64 104 31
64 105 31
64 106 66
64 107 24
64 108 54
64 109 55
64 110 37
64 111 32
64 112 71
64 113 27
65 66 2
65 67 15
65 68 46
65 69 9
65 70 50
65 71 46
65 72 47
65 73 11
65 74 23
65 75 19
65 76 60
65 77 19
65 78 15
65 79 55
65 80 7
65 81 75
65 82 2
65 83 32
65 84 12
65 85 31
65 86 43
65 87 68
65 88 66
65 89 21
65 90 49
65 91 35
65 92 52
65 93 64
65 94 10
65 95 5
65 96 52
65 97 69
65 98 74
65 99 17
65 100 4
65 101 65
65 102 68
65 103 70
65 104 13
65 105 17
65 106 66
65 107 25
65 108 53
65 109 35
65 110 74
65 111 73
65 112 4
65 113 15
65 114 69
66 67 5
66 68 34
66 69 28
66 70 7
66 71 3
66 72 65
66 73 30
66 74 5
66 75 15
66 76 3
66 77 30
66 78 75
66 79 17
66 80 63
66 81 73
66 82 21
66 83 66
66 84 70
66 85 25
66 86 43
66 87 26
66 88 21
66 89 60
66 90 45
66 91 37
66 92 54
66 93 65
66 94 51
66 95 13
66 96 45
66 97 71
66 98 21
66 99 64
66 100 68
66 101 12
66 102 55
66 103 4
66 104 36
66 105 44
66 106 39
66 107 29
66 108 6
66 109 59
66 110 1
66 111 73
66 112 66
66 113 40
66 114 57
66 115 36
67 68 7
67 69 27
67 70 72
67 71 65
67 72 45
67 73 15
67 74 5
67 75 44
67 76 30
67 77 65
67 78 54
67 79 42
67 80 42
67 81 13
67 82 51
67 83 27
67 84 68
67 85 14
67 86 6
67 87 47
67 88 28
67 89 63
67 90 41
67 91 58
67 92 22
67 93 18
67 94 40
67 95 45
67 96 71
67 97 14
67 98 56
67 99 35
67 100 58
67 101 23
67 102 29
67 103 53
67 104 16
67 105 3
67 106 39
67 107 75
67 108 22
67 109 43
67 110 50
67 111 28
67 112 35
67 113 26
67 114 37
67 115 7
67 116 75
68 69 63
68 70 58
68 71 17
68 72 39
68 73 72
68 74 51
68 75 61
68 76 2
68 77 21
68 78 69
68 79 52
68 80 10
68 81 39
68 82 29
68 83 17
68 84 16
68 85 56
68 86 50
68 87 36
68 88 14
68 89 10
68 90 17
68 91 26
68 92 66
68 93 36
68 94 51
68 95 10
68 96 2
68 97 54
68 98 36
68 99 28
68 100 32
68 101 18
68 102 49
68 103 17
68 104 62
68 105 66
68 106 61
68 107 73
68 108 33
68 109 10
68 110 24
68 111 45
68 112 63
68 113 14
68 114 27
68 115 33
68 116 19
68 117 75
69 70 26
69 71 38
69 72 16
69 73 54
69 74 30
69 75 31
69 76 49
69 77 20
69 78 22
69 79 18
69 80 61
69 81 40
69 82 73
69 83 75
69 84 52
69 85 20
69 86 5
69 87 49
69 88 7
69 89 22
69 90 23
69 91 17
69 92 45
69 93 56
69 94 30
69 95 74
69 96 10
69 97 24
69 98 40
69 99 72
69 100 72
69 101 21
69 102 36
69 103 51
69 104 17
69 105 19
69 106 17
69 107 46
69 108 75
69 109 53
69 110 65
69 111 51
69 112 41
69 113 32
69 114 66
69 115 23
69 116 38
69 117 2
69 118 62
70 71 20
70 72 61
70 73 22
70 74 9
70 75 29
70 76 26
70 77 5
70 78 5
70 79 37
70 80 9
70 81 15
70 82 53
70 83 15
70 84 14
70 85 27
70 86 64
70 87 9
70 88 31
70 89 16
70 90 66
70 91 70
70 92 70
70 93 56
70 94 47
70 95 6
70 96 57
70 97 55
70 98 20
70 99 22
70 100 5
70 101 13
70 102 4
70 103 60
70 104 31
70 105 38
70 106 10
70 107 71
70 108 28
70 109 48
70 110 62
70 111 52
70 112 62
70 113 14
70 114 9
70 115 8
70 116 63
70 117 16
70 118 29
70 119 64
71 72 36
71 73 66
71 74 45
71 75 71
71 76 41
71 77 57
71 78 14
71 79 56
71 80 51
71 81 8
71 82 37
71 83 8
71 84 35
71 85 10
71 86 8
71 87 72
71 88 75
71 89 72
71 90 50
71 91 59
71 92 20
71 93 66
71 94 23
71 95 49
71 96 73
71 97 60
71 98 21
71 99 72
71 100 11
71 101 71
71 102 69
71 103 2
71 104 52
71 105 7
71 106 43
71 107 51
71 108 14
71 109 10
71 110 39
71 111 61
71 112 20
71 113 55
71 114 9
71 115 66
71 116 32
71 117 38
71 118 71
71 119 35
71 120 43
72 73 8
72 74 24
72 75 19
72 76 8
72 77 26
72 78 45
72 79 47
72 80 72
72 81 55
72 82 1
72 83 49
72 84 12
72 85 10
72 86 20
72 87 15
72 88 34
72 89 21
72 90 48
72 91 73
72 92 59
72 93 20
72 94 59
72 95 11
72 96 45
72 97 55
72 98 6
72 99 41
72 100 46
72 101 2
72 102 74
72 103 1
72 104 58
72 105 20
72 106 24
72 107 66
72 108 14
72 109 60
72 110 42
72 111 61
72 112 61
72 113 14
72 114 54
72 115 64
72 116 44
72 117 26
72 118 47
72 119 40
72 120 20
72 121 22
73 74 60
73 75 39
73 76 28
73 77 44
73 78 18
73 79 42
73 80 23
73 81 16
73 82 7
73 83 10
73 84 11
73 85 26
73 86 59
73 87 14
73 88 47
73 89 32
73 90 20
73 91 22
73 92 51
73 93 68
73 94 46
73 95 51
73 96 59
73 97 61
73 98 45
73 99 70
73 100 19
73 101 2
73 102 12
73 103 46
73 104 6
73 105 34
73 106 18
73 107 7
73 108 73
73 109 13
73 110 66
73 111 2
73 112 64
73 113 59
73 114 24
73 115 61
73 116 17
73 117 8
73 118 2
73 119 29
73 120 6
73 121 5
73 122 46
74 75 50
74 76 6
74 77 59
74 78 17
74 79 37
74 80 57
74 81 19
74 82 37
74 83 26
74 84 73
74 85 39
74 86 3
74 87 19
74 88 75
74 89 24
74 90 9
74 91 19
74 92 48
74 93 60
74 94 8
74 95 31
74 96 9
74 97 60
74 98 73
74 99 30
74 100 25
74 101 66
74 102 6
74 103 74
74 104 22
74 105 49
74 106 62
74 107 8
74 108 45
74 109 3
74 110 72
74 111 25
74 112 43
74 113 29
74 114 20
74 115 1
74 116 38
74 117 58
74 118 42
74 119 56
74 120 17
74 121 72
74 122 61
74 123 72
76 77 11
76 78 73
76 79 52
76 80 28
76 81 49
76 82 55
76 83 6
76 84 67
76 85 9
76 86 51
76 87 26
76 88 21
76 89 26
76 90 23
76 91 19
76 92 27
76 93 53
76 94 46
76 95 31
76 96 9
76 97 62
76 98 60
76 99 53
76 100 18
76 101 11
76 102 31
76 103 11
76 104 31
76 105 13
76 106 11
76 107 66
76 108 9
76 109 55
76 110 4
76 111 9
76 112 41
76 113 61
76 114 26
76 115 46
76 116 69
76 117 75
76 118 12
76 119 33
76 120 62
76 121 66
76 122 16
76 123 6
76 124 22
76 125 60
77 78 56
77 79 62
77 80 54
77 81 33
77 82 36
77 83 16
77 84 17
77 85 19
77 86 24
77 87 39
77 88 27
77 89 15
77 90 23
77 91 46
77 92 70
77 93 43
77 94 9
77 95 37
77 96 75
77 97 72
77 98 22
77 99 70
77 100 62
77 101 53
77 102 61
77 103 70
77 104 6
77 105 15
77 106 51
77 107 74
77 108 57
77 109 31
77 110 58
77 111 1
77 112 40
77 113 11
77 114 66
77 115 65
77 116 27
77 117 50
77 118 22
77 119 37
77 120 7
77 121 71
77 122 44
77 123 40
77 124 54
77 125 32
77 126 1
78 79 48
78 80 52
78 81 27
78 82 14
78 83 62
78 84 8
78 85 71
78 86 35
78 87 4
78 88 18
78 89 39
78 90 26
78 91 33
78 92 16
78 93 71
78 94 38
78 95 47
78 96 42
78 97 52
78 98 33
78 99 36
78 100 58
78 101 3
78 102 59
78 103 57
78 104 31
78 105 25
78 106 21
78 107 58
78 108 57
78 109 17
78 110 63
78 111 20
78 112 59
78 113 61
78 114 34
78 115 7
78 116 39
78 117 36
78 118 28
78 119 63
78 120 72
78 121 73
78 122 40
78 123 58
78 124 70
78 125 58
78 126 26
78 127 18
79 80 40
79 81 10
79 82 56
79 83 54
79 84 4
79 85 28
79 86 75
79 87 55
79 88 44
79 89 45
79 90 50
79 91 55
79 92 9
79 93 44
79 94 17
79 95 40
79 96 53
79 97 60
79 98 56
79 99 55
79 100 12
79 101 36
79 102 29
79 103 49
79 104 31
79 105 67
79 106 20
79 107 51
79 108 27
79 109 62
79 110 9
79 111 4
79 112 6
79 113 48
79 114 70
79 115 15
79 116 52
79 117 68
79 118 5
79 119 75
79 120 65
79 121 21
79 122 27
79 123 18
79 124 61
79 125 59
79 126 45
79 127 33
79 128 32
80 81 35
80 82 24
80 83 56
80 84 39
80 85 34
80 86 52
80 87 60
80 88 62
80 89 29
80 90 57
80 91 27
80 92 16
80 93 21
80 94 9
80 95 37
80 96 66
80 97 22
80 98 41
80 99 12
80 100 22
80 101 72
80 102 10
80 103 45
80 104 34
80 105 1
80 106 17
80 107 32
80 108 37
80 109 52
80 110 43
80 111 16
80 112 41
80 113 45
80 114 12
80 115 44
80 116 67
80 117 68
80 118 19
80 119 30
80 120 67
80 121 6
80 122 30
80 123 70
80 124 46
80 125 17
80 126 38
80 127 19
80 128 58
80 129 39
81 82 4
81 83 67
81 84 48
81 85 62
81 86 22
81 87 65
81 88 43
81 89 2
81 90 48
81 91 25
81 92 18
81 93 36
81 94 38
81 95 61
81 96 36
81 97 39
81 98 54
81 99 5
81 100 17
81 101 33
81 102 72
81 103 71
81 104 46
81 105 36
81 106 36
81 107 65
81 108 29
81 109 71
81 110 25
81 111 12
81 112 40
81 113 56
81 114 31
81 115 13
81 116 38
81 117 69
81 118 64
81 119 49
81 120 62
81 121 64
81 122 8
81 123 58
81 124 23
81 125 53
81 126 18
81 127 57
81 128 45
81 129 1
81 130 11
82 83 3
82 84 21
82 85 10
82 86 72
82 87 26
82 88 69
82 89 54
82 90 59
82 91 66
82 92 35
82 93 53
82 94 40
82 95 20
82 96 53
82 97 16
82 98 26
82 99 7
82 100 9
82 101 13
82 102 29
82 103 60
82 104 68
82 105 68
82 106 43
82 107 49
82 108 25
82 109 6
82 110 5
82 111 16
82 112 37
82 113 21
82 114 15
82 115 38
82 116 22
82 117 69
82 118 52
82 119 70
82 120 53
82 121 73
82 122 1
82 123 25
82 124 51
82 125 22
82 126 12
82 127 20
82 128 10
82 129 13
82 130 17
82 131 67
83 84 22
83 85 30
83 86 74
83 87 61
83 88 69
83 89 30
83 90 74
83 91 54
83 92 70
83 93 10
83 94 15
83 95 13
83 96 6
83 97 15
83 98 36
83 99 31
83 100 4
83 101 71
83 102 72
83 103 15
83 104 15
83 105 29
83 106 68
83 107 74
83 108 74
83 109 35
83 110 48
83 111 63
83 112 71
83 113 37
83 114 19
83 115 64
83 116 74
83 117 11
83 118 36
83 119 48
83 120 67
83 121 74
83 122 30
83 123 73
83 124 14
83 125 45
83 126 47
83 127 42
83 128 73
83 129 13
83 130 22
83 131 39
83 132 41
84 85 28
84 86 47
84 87 3
84 88 55
84 89 49
84 90 25
84 91 33
84 92 25
84 93 74
84 94 46
84 95 29
84 96 75
84 97 49
84 98 38
84 99 71
84 100 38
84 101 69
84 102 55
84 103 48
84 104 15
84 105 21
84 106 46
84 107 74
84 108 28
84 109 9
84 110 27
84 111 56
84 112 54
84 113 21
84 114 19
84 115 7
84 116 36
84 117 72
84 118 3
84 119 64
84 120 20
84 121 31
84 122 75
84 123 7
84 124 63
84 125 74
84 126 35
84 127 7
84 128 25
84 129 60
84 130 15
84 131 41
84 132 35
84 133 27
85 86 32
85 87 3
85 88 44
85 89 40
85 90 66
85 91 65
85 92 34
85 93 32
85 94 39
85 95 28
85 96 11
85 97 11
85 98 55
85 99 14
85 100 70
85 101 54
85 102 16
85 103 19
85 104 1
85 105 63
85 106 47
85 107 51
85 108 58
85 109 63
85 110 41
85 111 34
85 112 19
85 113 3
85 114 31
85 115 7
85 116 75
85 117 61
85 118 70
85 119 4
85 120 75
85 121 21
85 122 60
85 123 25
85 124 50
85 125 12
85 126 31
85 127 4
85 128 46
85 129 26
85 130 19
85 131 24
85 132 67
85 133 44
85 134 17
86 87 19
86 88 74
86 89 58
86 90 40
86 91 1
86 92 4
86 93 55
86 94 69
86 95 69
86 96 20
86 97 9
86 98 65
86 99 46
86 100 57
86 101 44
86 102 30
86 103 56
86 104 3
86 105 15
86 106 24
86 107 52
86 108 5
86 109 10
86 110 10
86 111 69
86 112 43
86 113 9
86 114 24
86 115 69
86 116 34
86 117 7
86 118 41
86 119 68
86 120 4
86 121 66
86 122 49
86 123 45
86 124 24
86 125 38
86 126 54
86 127 44
86 128 18
86 129 66
86 130 47
86 131 31
86 132 35
86 133 31
86 134 2
86 135 32
87 88 11
87 89 34
87 90 75
87 91 38
87 92 70
87 93 60
87 94 48
87 95 73
87 96 73
87 97 63
87 98 19
87 99 12
87 100 2
87 101 6
87 102 69
87 103 17
87 104 45
87 105 67
87 106 61
87 107 7
87 108 41
87 109 32
87 110 24
87 111 8
87 112 54
87 113 74
87 114 33
87 115 6
87 116 44
87 117 42
87 118 35
87 119 9
87 120 43
87 121 3
87 122 25
87 123 31
87 124 55
87 125 23
87 126 21
87 127 51
87 128 42
87 129 3
87 130 4
87 131 1
87 132 54
87 133 42
87 134 75
87 135 52
87 136 7
88 89 4
88 90 47
88 91 70
88 92 3
88 93 25
88 94 50
88 95 23
88 96 11
88 97 51
88 98 75
88 99 44
88 100 55
88 101 1
88 102 17
88 103 39
88 104 59
88 105 36
88 106 56
88 107 36
88 108 17
88 109 44
88 110 58
88 111 53
88 112 31
88 113 28
88 114 49
88 115 11
88 116 2
88 117 54
88 118 38
88 119 74
88 120 54
88 121 14
88 122 11
88 123 53
88 124 35
88 125 42
88 126 37
88 127 13
88 128 60
88 129 31
88 130 38
88 131 46
88 132 40
88 133 37
88 134 24
88 135 58
88 136 59
88 137 65
89 90 40
89 91 20
89 92 40
89 93 28
89 94 60
89 95 16
89 96 8
89 97 75
89 98 45
89 99 68
89 100 34
89 101 25
89 102 67
89 103 51
89 104 58
89 105 36
89 106 23
89 107 72
89 108 57
89 109 57
89 110 75
89 111 10
89 112 69
89 113 58
89 114 75
89 115 73
89 116 61
89 117 40
89 118 22
89 119 32
89 120 43
89 121 22
89 122 6
89 123 46
89 124 44
89 125 56
89 126 34
89 127 4
89 128 40
89 129 63
89 130 43
89 131 23
89 132 14
89 133 73
89 134 6
89 135 20
89 136 35
89 137 72
89 138 57
90 91 4
90 92 33
90 93 57
90 94 13
90 95 51
90 96 65
90 97 21
90 98 40
90 99 55
90 100 55
90 101 67
90 102 62
90 103 12
90 104 30
90 105 45
90 106 27
90 107 26
90 108 46
90 109 73
90 110 72
90 111 21
90 112 31
90 113 2
90 114 5
90 115 37
90 116 32
90 117 21
90 118 68
90 119 47
90 120 38
90 121 12
90 122 11
90 123 14
90 124 26
90 125 26
90 126 57
90 127 43
90 128 71
90 129 67
90 130 52
90 131 17
90 132 59
90 133 22
90 134 56
90 135 10
90 136 73
90 137 38
90 138 36
90 139 22
91 92 48
91 93 7
91 94 11
91 95 4
91 96 56
91 97 10
91 98 56
91 99 50
91 100 26
91 101 67
91 102 20
91 103 66
91 104 72
91 105 6
91 106 57
91 107 37
91 108 29
91 109 67
91 110 48
91 111 48
91 112 38
91 113 35
91 114 21
91 115 41
91 116 36
91 117 52
91 118 73
91 119 29
91 120 47
91 121 29
91 122 7
91 123 4
91 124 18
91 125 49
91 126 55
91 127 56
91 128 13
91 129 75
91 130 49
91 131 63
91 132 20
91 133 28
91 134 75
91 135 37
91 136 69
91 137 30
91 138 51
91 139 4
91 140 37
92 93 3
92 94 10
92 95 71
92 96 49
92 97 68
92 98 66
92 99 64
92 100 22
92 101 16
92 102 20
92 103 72
92 104 53
92 105 61
92 106 40
92 107 52
92 108 30
92 109 20
92 110 58
92 111 5
92 112 46
92 113 1
92 114 47
92 115 19
92 116 32
92 117 15
92 118 30
92 119 12
92 120 69
92 121 45
92 122 22
92 123 10
92 124 32
92 125 30
92 126 5
92 127 22
92 128 16
92 129 20
92 130 65
92 131 2
92 132 66
92 133 70
92 134 60
92 135 65
92 136 10
92 137 38
92 138 71
92 139 26
92 140 6
92 141 65
93 94 44
93 95 52
93 96 58
93 97 6
93 98 59
93 99 3
93 100 60
93 101 42
93 102 22
93 103 50
93 104 50
93 105 27
93 106 65
93 107 17
93 108 68
93 109 43
93 110 64
93 111 75
93 112 41
93 113 29
93 114 2
93 115 10
93 116 71
93 117 23
93 118 6
93 119 59
93 120 20
93 121 1
93 122 57
93 123 46
93 124 33
93 125 70
93 126 2
93 127 1
93 128 15
93 129 33
93 130 40
93 131 25
93 132 47
93 133 1
93 134 54
93 135 44
93 136 64
93 137 62
93 138 11
93 139 8
93 140 64
93 141 6
93 142 30
94 95 35
94 96 27
94 97 37
94 98 45
94 99 4
94 100 46
94 101 25
94 102 2
94 103 18
94 104 14
94 105 51
94 106 53
94 107 60
94 108 50
94 109 52
94 110 5
94 111 69
94 112 22
94 113 3
94 114 66
94 115 54
94 116 70
94 117 41
94 118 52
94 119 45
94 120 74
94 121 27
94 122 16
94 123 62
94 124 12
94 125 13
94 126 21
94 127 21
94 128 13
94 129 2
94 130 6
94 131 19
94 132 62
94 133 51
94 134 25
94 135 41
94 136 55
94 137 58
94 138 45
94 139 49
94 140 28
94 141 56
94 142 42
94 143 56
95 96 65
95 97 36
95 98 35
95 99 18
95 100 14
95 101 42
95 102 37
95 103 63
95 104 62
95 105 10
95 106 61
95 107 18
95 108 25
95 109 48
95 110 11
95 111 19
95 112 67
95 113 12
95 114 35
95 115 10
95 116 27
95 117 6
95 118 56
95 119 60
95 120 16
95 121 64
95 122 75
95 123 34
95 124 52
95 125 37
95 126 37
95 127 30
95 128 50
95 129 65
95 130 14
95 131 49
95 132 32
95 133 17
95 134 69
95 135 27
95 136 9
95 137 39
95 138 2
95 139 21
95 140 33
95 141 61
95 142 66
95 143 29
95 144 30
96 97 3
96 98 60
96 99 40
96 100 59
96 101 75
96 102 37
96 103 35
96 104 10
96 105 5
96 106 31
96 107 52
96 108 58
96 109 30
96 110 54
96 111 49
96 112 66
96 113 69
96 114 19
96 115 13
96 116 3
96 117 27
96 118 1
96 119 40
96 120 23
96 121 13
96 122 47
96 123 70
96 124 43
96 125 59
96 126 41
96 127 26
96 128 1
96 129 35
96 130 4
96 131 40
96 132 45
96 133 32
96 134 33
96 135 14
96 136 46
96 137 38
96 138 72
96 139 7
96 140 34
96 141 58
96 142 17
96 143 70
96 144 1
96 145 41
97 98 35
97 99 33
97 100 39
97 101 4
97 102 71
97 103 75
97 104 19
97 105 24
97 106 48
97 107 24
97 108 17
97 109 69
97 110 19
97 111 52
97 112 19
97 113 31
97 114 72
97 115 71
97 116 25
97 117 22
97 118 45
97 119 63
97 120 13
97 121 58
97 122 62
97 123 52
97 124 11
97 125 7
97 126 15
97 127 15
97 128 10
97 129 10
97 130 75
97 131 2
97 132 59
97 133 5
97 134 29
97 135 40
97 136 27
97 137 24
97 138 69
97 139 1
97 140 30
97 141 3
97 142 10
97 143 59
97 144 65
97 145 9
97 146 14
98 99 22
98 100 14
98 101 19
98 102 37
98 103 64
98 104 44
98 105 49
98 106 1
98 107 53
98 108 48
98 109 39
98 110 59
98 111 38
98 112 16
98 113 34
98 114 55
98 115 26
98 116 35
98 117 21
98 118 49
98 119 43
98 120 16
98 121 35
98 122 26
98 123 2
98 124 3
98 125 68
98 126 30
98 127 8
98 128 50
98 129 49
98 130 40
98 131 30
98 132 64
98 133 41
98 134 68
98 135 26
98 136 37
98 137 41
98 138 31
98 139 14
98 140 16
98 141 6
98 142 57
98 143 62
98 144 75
98 145 12
98 146 43
98 147 43
99 100 26
99 101 62
99 102 18
99 103 60
99 104 16
99 105 31
99 106 73
99 107 22
99 108 45
99 109 11
99 110 33
99 111 45
99 112 41
99 113 55
99 114 54
99 115 62
99 116 45
99 117 60
99 118 27
99 119 12
99 120 28
99 121 10
99 122 26
99 123 50
99 124 51
99 125 67
99 126 18
99 127 64
99 128 31
99 129 19
99 130 28
99 131 44
99 132 73
99 133 17
99 134 36
99 135 22
99 136 68
99 137 54
99 138 1
99 139 33
99 140 66
99 141 33
99 142 14
99 143 32
99 144 68
99 145 50
99 146 9
99 147 3
99 148 11
101 102 61
101 103 66
101 104 18
101 105 56
101 106 53
101 107 14
101 108 13
101 109 32
101 110 28
101 111 12
101 112 37
101 113 25
101 114 31
101 115 25
101 116 13
101 117 27
101 118 40
101 119 64
101 120 39
101 121 6
101 122 32
101 123 35
101 124 73
101 125 44
101 126 52
101 127 61
101 128 18
101 129 18
101 130 23
101 131 58
101 132 68
101 133 27
101 134 30
101 135 75
101 136 63
101 137 69
101 138 43
101 139 25
101 140 32
101 141 51
101 142 5
101 143 71
101 144 17
101 145 51
101 146 50
101 147 52
101 148 27
101 149 58
101 150 37
102 103 52
102 104 55
102 105 23
102 106 47
102 107 19
102 108 53
102 109 41
102 110 22
102 111 62
102 112 18
102 113 51
102 114 27
102 115 16
102 116 12
102 117 37
102 118 14
102 119 61
102 120 57
102 121 64
102 122 40
102 123 42
102 124 34
102 125 39
102 126 49
102 127 28
102 128 66
102 129 6
102 130 42
102 131 32
102 132 46
102 133 41
102 134 50
102 135 63
102 136 20
102 137 54
102 138 43
102 139 39
102 140 20
102 141 24
102 142 32
102 143 4
102 144 45
102 145 55
102 146 45
102 147 15
102 148 21
102 149 47
102 150 56
103 104 28
103 105 66
103 106 30
103 107 52
103 108 61
103 109 55
103 110 31
103 111 25
103 112 66
103 113 32
103 114 20
103 115 32
103 116 61
103 117 59
103 118 46
103 119 75
103 120 72
103 121 25
103 122 13
103 123 37
103 124 38
103 125 9
103 126 32
103 127 17
103 128 25
103 129 35
103 130 65
103 131 19
103 132 11
103 133 8
103 134 66
103 135 10
103 136 57
103 137 64
103 138 32
103 139 10
103 140 19
103 141 37
103 142 74
103 143 40
103 144 54
103 145 39
103 146 66
103 147 44
103 148 42
103 149 16
103 150 42
104 105 16
104 106 73
104 107 15
104 108 24
104 109 59
104 110 7
104 111 58
104 112 26
104 113 10
104 114 43
104 115 53
104 116 60
104 117 5
104 118 36
104 119 8
104 120 73
104 121 9
104 122 4
104 123 39
104 124 68
104 125 49
104 126 43
104 127 47
104 128 58
104 129 71
104 130 47
104 131 37
104 132 58
104 133 48
104 134 56
104 135 50
104 136 10
104 137 63
104 138 19
104 139 61
104 140 61
104 141 29
104 142 17
104 143 35
104 144 66
104 145 45
104 146 30
104 147 17
104 148 52
104 149 60
104 150 31
105 106 36
105 107 37
105 108 14
105 109 65
105 110 1
105 111 8
105 112 29
105 113 70
105 114 75
105 115 51
105 116 20
105 117 2
105 118 49
105 119 2
105 120 57
105 121 24
105 122 54
105 123 66
105 124 68
105 125 37
105 126 7
105 127 17
105 128 37
105 129 9
105 130 57
105 131 59
105 132 37
105 133 31
105 134 15
105 135 21
105 136 38
105 137 52
105 138 58
105 139 73
105 140 38
105 141 7
105 142 57
105 143 45
105 144 64
105 145 17
105 146 58
105 147 2
105 148 66
105 149 61
105 150 9
106 107 29
106 108 49
106 109 53
106 110 12
106 111 20
106 112 34
106 113 66
106 114 4
106 115 37
106 116 55
106 117 19
106 118 68
106 119 60
106 120 66
106 121 42
106 122 28
106 123 45
106 124 50
106 125 3
106 126 36
106 127 20
106 128 66
106 129 15
106 130 60
106 131 1
106 132 42
106 133 60
106 134 33
106 135 33
106 136 6
106 137 45
106 138 14
106 139 17
106 140 58
106 141 59
106 142 44
106 143 14
106 144 4
106 145 35
106 146 75
106 147 29
106 148 69
106 149 34
106 150 29
107 108 46
107 109 20
107 110 31
107 111 38
107 112 73
107 113 29
107 114 14
107 115 73
107 116 15
107 117 16
107 118 45
107 119 21
107 120 35
107 121 42
107 122 10
107 123 35
107 124 58
107 125 23
107 126 31
107 127 57
107 128 29
107 129 29
107 130 13
107 131 56
107 132 75
107 133 18
107 134 31
107 135 9
107 136 16
107 137 73
107 138 40
107 139 15
107 140 18
107 141 12
107 142 55
107 143 61
107 144 70
107 145 6
107 146 3
107 147 5
107 148 54
107 149 39
107 150 43
108 109 57
108 110 49
108 111 67
108 112 35
108 113 37
108 114 67
108 115 75
108 116 20
108 117 21
108 118 15
108 119 28
108 120 42
108 121 23
108 122 32
108 123 61
108 124 20
108 125 59
108 126 30
108 127 35
108 128 18
108 129 10
108 130 26
108 131 56
108 132 69
108 133 12
108 134 43
108 135 4
108 136 25
108 137 65
108 138 65
108 139 18
108 140 62
108 141 4
108 142 44
108 143 73
108 144 73
108 145 54
108 146 34
108 147 12
108 148 56
108 149 18
108 150 71
109 110 20
109 111 46
109 112 3
109 113 6
109 114 60
109 115 74
109 116 54
109 117 55
109 118 31
109 119 27
109 120 42
109 121 17
109 122 48
109 123 48
109 124 71
109 125 1
109 126 13
109 127 1
109 128 43
109 129 54
109 130 3
109 131 19
109 132 33
109 133 32
109 134 46
109 135 9
109 136 7
109 137 52
109 138 72
109 139 44
109 140 38
109 141 23
109 142 51
109 143 61
109 144 19
109 145 46
109 146 29
109 147 61
109 148 54
109 149 13
109 150 60
110 111 21
110 112 73
110 113 64
110 114 43
110 115 35
110 116 2
110 117 62
110 118 26
110 119 7
110 120 54
110 121 40
110 122 8
110 123 73
110 124 34
110 125 66
110 126 56
110 127 61
110 128 15
110 129 10
110 130 24
110 131 54
110 132 65
110 133 24
110 134 8
110 135 1
110 136 49
110 137 64
110 138 50
110 139 50
110 140 35
110 141 1
110 142 17
110 143 38
110 144 4
110 145 8
110 146 3
110 147 73
110 148 33
110 149 39
110 150 2
111 112 30
111 113 7
111 114 15
111 115 44
111 116 12
111 117 24
111 118 50
111 119 60
111 120 70
111 121 18
111 122 10
111 123 61
111 124 27
111 125 9
111 126 15
111 127 4
111 128 51
111 129 47
111 130 65
111 131 21
111 132 7
111 133 70
111 134 6
111 135 39
111 136 22
111 137 67
111 138 17
111 139 3
111 140 58
111 141 15
111 142 19
111 143 8
111 144 5
111 145 58
111 146 50
111 147 53
111 148 71
111 149 22
111 150 50
112 113 56
112 114 43
112 115 61
112 116 45
112 117 70
112 118 32
112 119 41
112 120 46
112 121 51
112 122 53
112 123 3
112 124 6
112 125 45
112 126 60
112 127 31
112 128 15
112 129 1
112 130 52
112 131 55
112 132 36
112 133 5
112 134 35
112 135 3
112 136 22
112 137 61
112 138 11
112 139 73
112 140 69
112 141 39
112 142 10
112 143 56
112 144 30
112 145 36
112 146 21
112 147 16
112 148 9
112 149 29
112 150 14
113 114 30
113 115 56
113 116 2
113 117 75
113 118 25
113 119 33
113 120 7
113 121 45
113 122 32
113 123 33
113 124 41
113 125 50
113 126 17
113 127 34
113 128 55
113 129 4
113 130 14
113 131 73
113 132 27
113 133 33
113 134 48
113 135 2
113 136 35
113 137 46
113 138 75
113 139 51
113 140 21
113 141 19
113 142 55
113 143 65
113 144 65
113 145 35
113 146 57
113 147 29
113 148 25
113 149 53
113 150 47
114 115 59
114 116 26
114 117 36
114 118 36
114 119 59
114 120 4
114 121 26
114 122 60
114 123 35
114 124 8
114 125 68
114 126 31
114 127 33
114 128 14
114 129 28
114 130 35
114 131 19
114 132 64
114 133 20
114 134 6
114 135 65
114 136 8
114 137 34
114 138 73
114 139 25
114 140 69
114 141 26
114 142 8
114 143 34
114 144 31
114 145 38
114 146 20
114 147 59
114 148 7
114 149 7
114 150 65
115 116 14
115 117 35
115 118 5
115 119 28
115 120 3
115 121 30
115 122 23
115 123 71
115 124 46
115 125 65
115 126 24
115 127 37
115 128 53
115 129 68
115 130 67
115 131 62
115 132 41
115 133 8
115 134 18
115 135 42
115 136 54
115 137 24
115 138 58
115 139 29
115 140 43
115 141 7
115 142 42
115 143 33
115 144 27
115 145 13
115 146 40
115 147 38
115 148 8
115 149 38
115 150 49
116 117 10
116 118 2
116 119 36
116 120 75
116 121 74
116 122 49
116 123 46
116 124 60
116 125 12
116 126 28
116 127 14
116 128 38
116 129 42
116 130 56
116 131 54
116 132 27
116 133 31
116 134 34
116 135 11
116 136 58
116 137 26
116 138 73
116 139 54
116 140 40
116 141 72
116 142 35
116 143 20
116 144 23
116 145 54
116 146 31
116 147 69
116 148 30
116 149 47
116 150 4
117 118 58
117 119 1
117 120 55
117 121 27
117 122 38
117 123 13
117 124 41
117 125 59
117 126 25
117 127 63
117 128 5
117 129 47
117 130 18
117 131 27
117 132 75
117 133 8
117 134 23
117 135 4
117 136 46
117 137 35
117 138 15
117 139 41
117 140 70
117 141 31
117 142 43
117 143 4
117 144 31
117 145 65
117 146 62
117 147 63
117 148 70
117 149 54
117 150 33
118 119 44
118 120 64
118 121 28
118 122 45
118 123 41
118 124 48
118 125 65
118 126 49
118 127 30
118 128 20
118 129 23
118 130 43
118 131 53
118 132 54
118 133 61
118 134 31
118 135 3
118 136 40
118 137 17
118 138 35
118 139 31
118 140 72
118 141 33
118 142 54
118 143 43
118 144 61
118 145 28
118 146 58
118 147 31
118 148 44
118 149 1
118 150 71
119 120 41
119 121 2
119 122 68
119 123 19
119 124 36
119 125 52
119 126 74
119 127 17
119 128 34
119 129 45
119 130 24
119 131 30
119 132 54
119 133 30
119 134 31
119 135 47
119 136 63
119 137 19
119 138 30
119 139 3
119 140 40
119 141 8
119 142 75
119 143 61
119 144 28
119 145 4
119 146 75
119 147 1
119 148 57
119 149 34
119 150 21
120 121 69
120 122 42
120 123 1
120 124 64
120 125 57
120 126 11
120 127 61
120 128 32
120 129 66
120 130 75
120 131 50
120 132 71
120 133 5
120 134 19
120 135 15
120 136 15
120 137 47
120 138 52
120 139 48
120 140 3
120 141 64
120 142 8
120 143 65
120 144 67
120 145 47
120 146 42
120 147 7
120 148 35
120 149 25
120 150 35
121 122 74
121 123 20
121 124 14
121 125 35
121 126 41
121 127 9
121 128 5
121 129 35
121 130 58
121 131 10
121 132 12
121 133 23
121 134 33
121 135 8
121 136 7
121 137 74
121 138 19
121 139 51
121 140 37
121 141 40
121 142 23
121 143 60
121 144 63
121 145 66
121 146 55
121 147 38
121 148 36
121 149 55
121 150 9
122 123 2
122 124 28
122 125 50
122 126 50
122 127 18
122 128 14
122 129 53
122 130 68
122 131 67
122 132 67
122 133 19
122 134 43
122 135 45
122 136 10
122 137 26
122 138 29
122 139 4
122 140 70
122 141 51
122 142 26
122 143 35
122 144 10
122 145 70
122 146 48
122 147 42
122 148 61
122 149 22
122 150 74
123 124 71
123 125 49
123 126 66
123 127 63
123 128 62
123 129 32
123 130 6
123 131 60
123 132 20
123 133 46
123 134 27
123 135 47
123 136 46
123 137 17
123 138 17
123 139 75
123 140 30
123 141 8
123 142 10
123 143 35
123 144 47
123 145 39
123 146 49
123 147 36
123 148 24
123 149 61
123 150 44
124 125 10
124 126 71
124 127 11
124 128 46
124 129 5
124 130 55
124 131 68
124 132 23
124 133 17
124 134 27
124 135 65
124 136 29
124 137 24
124 138 20
124 139 22
124 140 5
124 141 53
124 142 47
124 143 11
124 144 14
124 145 13
124 146 75
124 147 55
124 148 70
124 149 7
124 150 35
126 127 45
126 128 38
126 129 56
126 130 29
126 131 75
126 132 16
126 133 23
126 134 35
126 135 66
126 136 63
126 137 7
126 138 62
126 139 18
126 140 29
126 141 43
126 142 32
126 143 64
126 144 1
126 145 69
126 146 41
126 147 29
126 148 37
126 149 69
126 150 14
127 128 1
127 129 17
127 130 22
127 131 3
127 132 36
127 133 36
127 134 1
127 135 19
127 136 21
127 137 45
127 138 49
127 139 8
127 140 63
127 141 20
127 142 70
127 143 5
127 144 53
127 145 35
127 146 75
127 147 42
127 148 51
127 149 2
127 150 47
128 129 13
128 130 9
128 131 51
128 132 7
128 133 19
128 134 9
128 135 8
128 136 54
128 137 49
128 138 46
128 139 24
128 140 66
128 141 25
128 142 8
128 143 6
128 144 42
128 145 62
128 146 38
128 147 2
128 148 23
128 149 23
128 150 12
129 130 40
129 131 34
129 132 73
129 133 47
129 134 16
129 135 42
129 136 39
129 137 25
129 138 25
129 139 43
129 140 49
129 141 55
129 142 32
129 143 73
129 144 2
129 145 44
129 146 45
129 147 40
129 148 16
129 149 35
129 150 64
130 131 35
130 132 66
130 133 37
130 134 57
130 135 42
130 136 28
130 137 16
130 138 4
130 139 4
130 140 47
130 141 56
130 142 59
130 143 12
130 144 38
130 145 40
130 146 33
130 147 15
130 148 55
130 149 9
130 150 15
131 132 69
131 133 44
131 134 9
131 135 23
131 136 23
131 137 20
131 138 61
131 139 54
131 140 72
131 141 47
131 142 10
131 143 63
131 144 18
131 145 25
131 146 60
131 147 2
131 148 41
131 149 45
131 150 71
132 133 19
132 134 15
132 135 61
132 136 30
132 137 52
132 138 70
132 139 73
132 140 9
132 141 61
132 142 31
132 143 53
132 144 12
132 145 2
132 146 58
132 147 20
132 148 68
132 149 53
132 150 65
133 134 59
133 135 27
133 136 74
133 137 43
133 138 69
133 139 19
133 140 33
133 141 45
133 142 52
133 143 40
133 144 14
133 145 6
133 146 54
133 147 27
133 148 41
133 149 61
133 150 74
134 135 64
134 136 66
134 137 22
134 138 42
134 139 40
134 140 45
134 141 32
134 142 2
134 143 37
134 144 3
134 145 5
134 146 19
134 147 34
134 148 9
134 149 58
134 150 41
135 136 36
135 137 32
135 138 65
135 139 64
135 140 43
135 141 30
135 142 46
135 143 11
135 144 7
135 145 17
135 146 47
135 147 5
135 148 46
135 149 28
135 150 44
136 137 32
136 138 33
136 139 59
136 140 37
136 141 49
136 142 72
136 143 34
136 144 16
136 145 46
136 146 44
136 147 36
136 148 14
136 149 57
136 150 40
137 138 5
137 139 73
137 140 54
137 141 60
137 142 43
137 143 15
137 144 27
137 145 51
137 146 64
137 147 56
137 148 62
137 149 72
137 150 18
138 139 4
138 140 52
138 141 15
138 142 58
138 143 15
138 144 34
138 145 32
138 146 21
138 147 3
138 148 64
138 149 71
138 150 53
139 140 16
139 141 64
139 142 21
139 143 65
139 144 38
139 145 28
139 146 53
139 147 25
139 148 52
139 149 42
139 150 54
140 141 42
140 142 23
140 143 31
140 144 14
140 145 37
140 146 20
140 147 61
140 148 52
140 149 67
140 150 42
141 142 42
141 143 55
141 144 27
141 145 32
141 146 70
141 147 72
141 148 34
141 149 14
141 150 47
142 143 52
142 144 72
142 145 61
142 146 53
142 147 24
142 148 33
142 149 63
142 150 59
143 144 40
143 145 35
143 146 17
143 147 44
143 148 17
143 149 13
143 150 12
144 145 6
144 146 59
144 147 22
144 148 26
144 149 24
144 150 10
145 146 4
145 147 47
145 148 61
145 149 13
145 150 9
146 147 67
146 148 47
146 149 47
146 150 62
147 148 47
147 149 21
147 150 2
148 149 46
148 150 57
149 150 42
150
