300 7168
1 2 34
1 3 1
1 4 37
1 5 27
1 6 44
1 7 30
1 8 64
1 9 46
1 10 49
1 11 7
1 12 9
1 13 27
1 14 34
1 15 20
1 16 7
1 17 49
1 18 57
1 19 20
1 20 31
1 21 11
1 22 74
1 23 70
1 24 57
1 25 36
1 26 7
1 27 35
1 28 17
2 3 27
2 4 55
2 5 47
2 6 4
2 7 56
2 8 18
2 9 1
2 10 40
2 11 50
2 12 41
2 13 28
2 14 30
2 15 34
2 16 44
2 17 34
2 18 65
2 19 48
2 20 67
2 21 7
2 22 16
2 23 43
2 24 65
2 25 27
2 26 18
2 27 37
2 28 11
2 29 2
3 4 48
3 5 16
3 6 28
3 7 53
3 8 27
3 9 26
3 10 45
3 11 2
3 12 60
3 13 49
3 14 72
3 15 75
3 16 60
3 17 63
3 18 16
3 19 25
3 20 45
3 21 73
3 22 56
3 23 5
3 24 50
3 25 56
3 26 21
3 27 68
3 28 62
3 29 6
3 30 1
4 5 34
4 6 15
4 7 4
4 8 74
4 9 58
4 10 65
4 11 18
4 12 38
4 13 50
4 14 46
4 15 32
4 16 61
4 17 64
4 18 67
4 19 6
4 20 70
4 21 59
4 22 69
4 23 39
4 24 26
4 25 65
4 26 19
4 27 3
4 28 65
4 29 9
4 30 53
4 31 56
5 6 13
5 7 37
5 8 16
5 9 43
5 10 22
5 11 20
5 12 66
5 13 28
5 14 53
5 15 12
5 16 66
5 17 38
5 18 26
5 19 61
5 20 32
5 21 55
5 22 65
5 23 45
5 24 66
5 25 10
5 26 58
5 27 17
5 28 61
5 29 20
5 30 74
5 31 16
5 32 20
6 7 8
6 8 72
6 9 18
6 10 70
6 11 3
6 12 50
6 13 44
6 14 19
6 15 72
6 16 59
6 17 31
6 18 57
6 19 37
6 20 35
6 21 39
6 22 41
6 23 30
6 24 67
6 25 24
6 26 15
6 27 56
6 28 31
6 29 10
6 30 43
6 31 13
6 32 24
6 33 69
7 8 62
7 9 19
7 10 38
7 11 8
7 12 12
7 13 27
7 14 7
7 15 50
7 16 37
7 17 34
7 18 54
7 19 35
7 20 74
7 21 46
7 22 67
7 23 62
7 24 13
7 25 20
7 26 33
7 27 7
7 28 54
7 29 39
7 30 43
7 31 44
7 32 72
7 33 73
7 34 12
8 9 16
8 10 20
8 11 56
8 12 69
8 13 12
8 14 42
8 15 67
8 16 52
8 17 65
8 18 23
8 19 39
8 20 69
8 21 67
8 22 60
8 23 17
8 24 19
8 25 9
8 26 31
8 27 42
8 28 7
8 29 58
8 30 66
8 31 53
8 32 18
8 33 51
8 34 32
8 35 69
9 10 62
9 11 65
9 12 56
9 13 40
9 14 64
9 15 51
9 16 70
9 17 53
9 18 25
9 19 61
9 20 70
9 21 33
9 22 45
9 23 69
9 24 36
9 25 27
9 26 73
9 27 35
9 28 62
9 29 28
9 30 20
9 31 75
9 32 47
9 33 28
9 34 37
9 35 42
9 36 27
10 11 15
10 12 67
10 13 22
10 14 28
10 15 51
10 16 16
10 17 50
10 18 69
10 19 6
10 20 12
10 21 67
10 22 64
10 23 16
10 24 14
10 25 28
10 26 7
10 27 74
10 28 4
10 29 53
10 30 42
10 31 63
10 32 71
10 33 53
10 34 33
10 35 43
10 36 56
10 37 75
11 12 27
11 13 28
11 14 57
11 15 23
11 16 27
11 17 24
11 18 4
11 19 43
11 20 17
11 21 16
11 22 8
11 23 41
11 24 70
11 25 1
11 26 22
11 27 49
11 28 71
11 29 58
11 30 9
11 31 56
11 32 37
11 33 1
11 34 23
11 35 40
11 36 72
11 37 69
11 38 15
12 13 25
12 14 34
12 15 32
12 16 48
12 17 30
12 18 46
12 19 67
12 20 68
12 21 41
12 22 49
12 23 52
12 24 52
12 25 25
12 26 32
12 27 45
12 28 71
12 29 1
12 30 28
12 31 23
12 32 72
12 33 67
12 34 26
12 35 31
12 36 10
12 37 34
12 38 44
12 39 23
13 14 59
13 15 68
13 16 65
13 17 54
13 18 19
13 19 68
13 20 51
13 21 63
13 22 63
13 23 24
13 24 38
13 25 32
13 26 25
13 27 70
13 28 32
13 29 31
13 30 2
13 31 63
13 32 48
13 33 65
13 34 62
13 35 1
13 36 67
13 37 5
13 38 32
13 39 1
13 40 22
15 16 36
15 17 20
15 18 44
15 19 74
15 20 1
15 21 71
15 22 33
15 23 28
15 24 38
15 25 21
15 26 40
15 27 61
15 28 28
15 29 53
15 30 35
15 31 15
15 32 9
15 33 58
15 34 31
15 35 47
15 36 50
15 37 25
15 38 40
15 39 47
15 40 24
15 41 40
15 42 16
16 17 8
16 18 8
16 19 75
16 20 62
16 21 72
16 22 63
16 23 16
16 24 54
16 25 34
16 26 54
16 27 73
16 28 65
16 29 5
16 30 17
16 31 35
16 32 59
16 33 52
16 34 17
16 35 50
16 36 64
16 37 32
16 38 60
16 39 53
16 40 58
16 41 5
16 42 71
16 43 5
17 18 60
17 19 7
17 20 74
17 21 45
17 22 71
17 23 70
17 24 29
17 25 38
17 26 69
17 27 58
17 28 59
17 29 17
17 30 61
17 31 12
17 32 30
17 33 45
17 34 66
17 35 59
17 36 3
17 37 47
17 38 34
17 39 13
17 40 38
17 41 30
17 42 28
17 43 44
17 44 31
18 19 8
18 20 20
18 21 34
18 22 50
18 23 19
18 24 48
18 25 14
18 26 16
18 27 22
18 28 75
18 29 65
18 30 32
18 31 69
18 32 68
18 33 13
18 34 7
18 35 60
18 36 38
18 37 41
18 38 72
18 39 24
18 40 15
18 41 19
18 42 70
18 43 61
18 44 1
18 45 44
19 20 70
19 21 29
19 22 28
19 23 48
19 24 54
19 25 31
19 26 41
19 27 72
19 28 27
19 29 47
19 30 46
19 31 30
19 32 16
19 33 7
19 34 41
19 35 25
19 36 39
19 37 7
19 38 61
19 39 9
19 40 73
19 41 18
19 42 70
19 43 68
19 44 59
19 45 50
19 46 50
20 21 31
20 22 36
20 23 65
20 24 66
20 25 65
20 26 12
20 27 58
20 28 53
20 29 19
20 30 58
20 31 5
20 32 25
20 33 48
20 34 32
20 35 65
20 36 52
20 37 2
20 38 49
20 39 75
20 40 63
20 41 20
20 42 10
20 43 8
20 44 27
20 45 65
20 46 67
20 47 37
21 22 27
21 23 68
21 24 58
21 25 61
21 26 9
21 27 49
21 28 43
21 29 22
21 30 65
21 31 29
21 32 4
21 33 3
21 34 4
21 35 58
21 36 13
21 37 28
21 38 50
21 39 65
21 40 28
21 41 68
21 42 58
21 43 14
21 44 68
21 45 17
21 46 59
21 47 24
21 48 7
22 23 22
22 24 7
22 25 23
22 26 38
22 27 54
22 28 66
22 29 12
22 30 57
22 31 27
22 32 3
22 33 16
22 34 40
22 35 20
22 36 5
22 37 65
22 38 55
22 39 57
22 40 63
22 41 16
22 42 30
22 43 54
22 44 10
22 45 45
22 46 7
22 47 1
22 48 60
22 49 10
23 24 33
23 25 42
23 26 29
23 27 9
23 28 16
23 29 57
23 30 19
23 31 16
23 32 69
23 33 59
23 34 61
23 35 16
23 36 17
23 37 14
23 38 27
23 39 25
23 40 32
23 41 40
23 42 40
23 43 66
23 44 44
23 45 59
23 46 20
23 47 45
23 48 46
23 49 47
23 50 33
24 25 21
24 26 38
24 27 70
24 28 56
24 29 19
24 30 16
24 31 43
24 32 33
24 33 4
24 34 39
24 35 41
24 36 27
24 37 36
24 38 43
24 39 12
24 40 63
24 41 66
24 42 39
24 43 10
24 44 46
24 45 40
24 46 31
24 47 49
24 48 40
24 49 20
24 50 75
24 51 67
25 26 14
25 27 5
25 28 54
25 29 65
25 30 11
25 31 48
25 32 23
25 33 47
25 34 69
25 35 54
25 36 45
25 37 9
25 38 35
25 39 44
25 40 4
25 41 70
25 42 44
25 43 75
25 44 33
25 45 21
25 46 74
25 47 47
25 48 8
25 49 25
25 50 73
25 51 38
25 52 65
26 27 66
26 28 22
26 29 6
26 30 50
26 31 5
26 32 21
26 33 55
26 34 26
26 35 43
26 36 61
26 37 30
26 38 50
26 39 64
26 40 29
26 41 62
26 42 62
26 43 17
26 44 44
26 45 1
26 46 57
26 47 64
26 48 54
26 49 49
26 50 1
26 51 5
26 52 21
26 53 32
27 28 32
27 29 26
27 30 43
27 31 19
27 32 38
27 33 57
27 34 45
27 35 25
27 36 25
27 37 41
27 38 72
27 39 5
27 40 24
27 41 31
27 42 16
27 43 62
27 44 58
27 45 28
27 46 22
27 47 38
27 48 47
27 49 43
27 50 16
27 51 64
27 52 31
27 53 42
27 54 2
29 30 15
29 31 54
29 32 75
29 33 65
29 34 50
29 35 4
29 36 66
29 37 40
29 38 68
29 39 45
29 40 68
29 41 74
29 42 59
29 43 50
29 44 60
29 45 37
29 46 57
29 47 15
29 48 30
29 49 63
29 50 9
29 51 13
29 52 48
29 53 62
29 54 31
29 55 35
29 56 62
30 31 4
30 32 23
30 33 13
30 34 24
30 35 2
30 36 27
30 37 51
30 38 26
30 39 12
30 40 17
30 41 4
30 42 43
30 43 68
30 44 33
30 45 70
30 46 59
30 47 46
30 48 47
30 49 11
30 50 41
30 51 11
30 52 20
30 53 48
30 54 57
30 55 45
30 56 70
30 57 25
31 32 40
31 33 30
31 34 67
31 35 2
31 36 1
31 37 7
31 38 37
31 39 28
31 40 19
31 41 53
31 42 32
31 43 36
31 44 23
31 45 53
31 46 50
31 47 18
31 48 6
31 49 51
31 50 24
31 51 18
31 52 4
31 53 53
31 54 39
31 55 50
31 56 17
31 57 32
31 58 47
32 33 5
32 34 61
32 35 41
32 36 54
32 37 24
32 38 4
32 39 8
32 40 2
32 41 26
32 42 7
32 43 17
32 44 59
32 45 38
32 46 2
32 47 60
32 48 70
32 49 72
32 50 3
32 51 10
32 52 39
32 53 40
32 54 59
32 55 18
32 56 1
32 57 33
32 58 20
32 59 75
33 34 63
33 35 22
33 36 5
33 37 26
33 38 52
33 39 14
33 40 59
33 41 74
33 42 37
33 43 2
33 44 23
33 45 75
33 46 73
33 47 14
33 48 27
33 49 10
33 50 3
33 51 6
33 52 58
33 53 51
33 54 66
33 55 4
33 56 14
33 57 21
33 58 15
33 59 35
33 60 69
34 35 65
34 36 41
34 37 32
34 38 23
34 39 49
34 40 64
34 41 54
34 42 24
34 43 57
34 44 66
34 45 54
34 46 30
34 47 18
34 48 17
34 49 9
34 50 10
34 51 27
34 52 34
34 53 33
34 54 73
34 55 7
34 56 49
34 57 3
34 58 29
34 59 46
34 60 19
34 61 11
35 36 38
35 37 17
35 38 65
35 39 5
35 40 26
35 41 71
35 42 34
35 43 52
35 44 75
35 45 64
35 46 14
35 47 62
35 48 29
35 49 22
35 50 57
35 51 43
35 52 66
35 53 16
35 54 51
35 55 17
35 56 46
35 57 71
35 58 66
35 59 21
35 60 26
35 61 19
35 62 18
36 37 12
36 38 18
36 39 26
36 40 20
36 41 64
36 42 24
36 43 21
36 44 9
36 45 66
36 46 44
36 47 35
36 48 49
36 49 61
36 50 6
36 51 6
36 52 44
36 53 1
36 54 69
36 55 48
36 56 29
36 57 28
36 58 5
36 59 63
36 60 17
36 61 10
36 62 24
36 63 36
37 38 35
37 39 38
37 40 16
37 41 31
37 42 35
37 43 62
37 44 57
37 45 65
37 46 71
37 47 38
37 48 32
37 49 35
37 50 47
37 51 42
37 52 8
37 53 48
37 54 53
37 55 38
37 56 39
37 57 47
37 58 12
37 59 6
37 60 48
37 61 40
37 62 27
37 63 28
37 64 45
38 39 9
38 40 37
38 41 71
38 42 18
38 43 54
38 44 69
38 45 13
38 46 6
38 47 60
38 48 62
38 49 7
38 50 11
38 51 69
38 52 58
38 53 48
38 54 12
38 55 43
38 56 15
38 57 73
38 58 19
38 59 65
38 60 59
38 61 45
38 62 39
38 63 25
38 64 50
38 65 9
39 40 25
39 41 57
39 42 10
39 43 26
39 44 34
39 45 14
39 46 26
39 47 34
39 48 1
39 49 74
39 50 36
39 51 67
39 52 39
39 53 7
39 54 17
39 55 30
39 56 9
39 57 31
39 58 26
39 59 39
39 60 71
39 61 70
39 62 6
39 63 40
39 64 24
39 65 24
39 66 30
40 41 67
40 42 75
40 43 66
40 44 64
40 45 7
40 46 25
40 47 1
40 48 68
40 49 25
40 50 41
40 51 28
40 52 41
40 53 56
40 54 35
40 55 58
40 56 69
40 57 9
40 58 5
40 59 31
40 60 32
40 61 22
40 62 52
40 63 53
40 64 16
40 65 66
40 66 42
40 67 63
41 42 65
41 43 63
41 44 18
41 45 28
41 46 16
41 47 42
41 48 6
41 49 58
41 50 45
41 51 74
41 52 48
41 53 14
41 54 1
41 55 3
41 56 35
41 57 65
41 58 68
41 59 38
41 60 61
41 61 51
41 62 32
41 63 5
41 64 39
41 65 14
41 66 53
41 67 10
41 68 33
43 44 49
43 45 75
43 46 57
43 47 31
43 48 9
43 49 30
43 50 2
43 51 47
43 52 56
43 53 29
43 54 9
43 55 4
43 56 3
43 57 39
43 58 29
43 59 45
43 60 29
43 61 7
43 62 33
43 63 44
43 64 24
43 65 18
43 66 57
43 67 37
43 68 64
43 69 52
43 70 46
44 45 53
44 46 22
44 47 6
44 48 11
44 49 44
44 50 31
44 51 6
44 52 49
44 53 73
44 54 59
44 55 12
44 56 23
44 57 58
44 58 34
44 59 60
44 60 33
44 61 70
44 62 65
44 63 43
44 64 17
44 65 31
44 66 36
44 67 13
44 68 50
44 69 16
44 70 8
44 71 47
45 46 70
45 47 62
45 48 20
45 49 31
45 50 64
45 51 13
45 52 68
45 53 8
45 54 28
45 55 10
45 56 45
45 57 31
45 58 47
45 59 47
45 60 3
45 61 25
45 62 5
45 63 4
45 64 1
45 65 27
45 66 48
45 67 8
45 68 8
45 69 24
45 70 57
45 71 4
45 72 60
46 47 13
46 48 28
46 49 30
46 50 29
46 51 24
46 52 13
46 53 21
46 54 66
46 55 1
46 56 40
46 57 40
46 58 52
46 59 23
46 60 17
46 61 48
46 62 65
46 63 35
46 64 11
46 65 33
46 66 15
46 67 5
46 68 68
46 69 48
46 70 10
46 71 46
46 72 45
46 73 20
47 48 9
47 49 52
47 50 11
47 51 46
47 52 55
47 53 42
47 54 60
47 55 28
47 56 62
47 57 15
47 58 32
47 59 54
47 60 45
47 61 8
47 62 7
47 63 15
47 64 69
47 65 37
47 66 12
47 67 32
47 68 12
47 69 25
47 70 73
47 71 43
47 72 49
47 73 17
47 74 45
48 49 61
48 50 9
48 51 5
48 52 6
48 53 48
48 54 50
48 55 52
48 56 62
48 57 40
48 58 59
48 59 19
48 60 15
48 61 75
48 62 74
48 63 69
48 64 27
48 65 70
48 66 58
48 67 19
48 68 67
48 69 7
48 70 12
48 71 47
48 72 40
48 73 73
48 74 45
48 75 45
49 50 8
49 51 53
49 52 68
49 53 28
49 54 36
49 55 30
49 56 55
49 57 9
49 58 22
49 59 20
49 60 56
49 61 25
49 62 25
49 63 17
49 64 30
49 65 40
49 66 11
49 67 42
49 68 67
49 69 47
49 70 20
49 71 33
49 72 5
49 73 61
49 74 5
49 75 8
49 76 68
50 51 60
50 52 65
50 53 43
50 54 13
50 55 8
50 56 69
50 57 67
50 58 44
50 59 71
50 60 10
50 61 28
50 62 71
50 63 1
50 64 23
50 65 10
50 66 34
50 67 73
50 68 43
50 69 9
50 70 5
50 71 74
50 72 35
50 73 49
50 74 11
50 75 58
50 76 69
50 77 34
51 52 20
51 53 44
51 54 75
51 55 73
51 56 22
51 57 18
51 58 44
51 59 46
51 60 68
51 61 14
51 62 61
51 63 6
51 64 25
51 65 1
51 66 5
51 67 6
51 68 1
51 69 13
51 70 61
51 71 4
51 72 51
51 73 46
51 74 57
51 75 52
51 76 10
51 77 8
51 78 23
52 53 46
52 54 16
52 55 53
52 56 74
52 57 23
52 58 52
52 59 2
52 60 61
52 61 9
52 62 71
52 63 75
52 64 33
52 65 23
52 66 54
52 67 19
52 68 14
52 69 12
52 70 33
52 71 9
52 72 20
52 73 11
52 74 69
52 75 57
52 76 30
52 77 19
52 78 73
52 79 47
53 54 40
53 55 54
53 56 9
53 57 31
53 58 16
53 59 4
53 60 52
53 61 49
53 62 10
53 63 21
53 64 59
53 65 43
53 66 35
53 67 57
53 68 4
53 69 64
53 70 2
53 71 56
53 72 4
53 73 72
53 74 20
53 75 34
53 76 59
53 77 24
53 78 44
53 79 8
53 80 6
54 55 36
54 56 21
54 57 30
54 58 43
54 59 68
54 60 69
54 61 38
54 62 3
54 63 43
54 64 37
54 65 4
54 66 60
54 67 29
54 68 35
54 69 26
54 70 22
54 71 7
54 72 33
54 73 8
54 74 72
54 75 34
54 76 20
54 77 46
54 78 25
54 79 15
54 80 49
54 81 54
55 56 75
55 57 48
55 58 42
55 59 35
55 60 61
55 61 18
55 62 38
55 63 62
55 64 58
55 65 40
55 66 4
55 67 44
55 68 45
55 69 37
55 70 29
55 71 46
55 72 30
55 73 3
55 74 16
55 75 2
55 76 15
55 77 62
55 78 42
55 79 72
55 80 22
55 81 31
55 82 67
57 58 3
57 59 60
57 60 73
57 61 17
57 62 75
57 63 19
57 64 19
57 65 39
57 66 25
57 67 50
57 68 16
57 69 12
57 70 75
57 71 21
57 72 9
57 73 24
57 74 27
57 75 67
57 76 74
57 77 71
57 78 22
57 79 75
57 80 47
57 81 52
57 82 70
57 83 58
57 84 51
58 59 73
58 60 16
58 61 26
58 62 29
58 63 43
58 64 67
58 65 22
58 66 33
58 67 75
58 68 55
58 69 25
58 70 2
58 71 12
58 72 41
58 73 30
58 74 36
58 75 55
58 76 52
58 77 65
58 78 10
58 79 8
58 80 11
58 81 72
58 82 48
58 83 69
58 84 9
58 85 29
59 60 68
59 61 21
59 62 39
59 63 9
59 64 72
59 65 26
59 66 14
59 67 13
59 68 73
59 69 14
59 70 22
59 71 59
59 72 39
59 73 44
59 74 58
59 75 65
59 76 54
59 77 69
59 78 73
59 79 57
59 80 28
59 81 40
59 82 54
59 83 48
59 84 67
59 85 18
59 86 21
60 61 15
60 62 21
60 63 42
60 64 11
60 65 63
60 66 54
60 67 68
60 68 71
60 69 50
60 70 33
60 71 68
60 72 71
60 73 17
60 74 57
60 75 72
60 76 49
60 77 61
60 78 31
60 79 51
60 80 61
60 81 7
60 82 41
60 83 9
60 84 1
60 85 65
60 86 15
60 87 54
61 62 59
61 63 74
61 64 75
61 65 56
61 66 50
61 67 13
61 68 10
61 69 63
61 70 20
61 71 3
61 72 74
61 73 18
61 74 55
61 75 47
61 76 17
61 77 12
61 78 52
61 79 5
61 80 2
61 81 42
61 82 18
61 83 20
61 84 38
61 85 67
61 86 62
61 87 4
61 88 19
62 63 27
62 64 17
62 65 54
62 66 55
62 67 72
62 68 31
62 69 51
62 70 12
62 71 4
62 72 27
62 73 56
62 74 1
62 75 21
62 76 43
62 77 32
62 78 38
62 79 51
62 80 73
62 81 56
62 82 53
62 83 38
62 84 69
62 85 53
62 86 12
62 87 60
62 88 73
62 89 52
63 64 34
63 65 28
63 66 17
63 67 61
63 68 15
63 69 49
63 70 13
63 71 36
63 72 23
63 73 40
63 74 13
63 75 34
63 76 8
63 77 48
63 78 43
63 79 65
63 80 22
63 81 20
63 82 42
63 83 58
63 84 19
63 85 17
63 86 11
63 87 2
63 88 31
63 89 45
63 90 39
64 65 71
64 66 25
64 67 26
64 68 49
64 69 7
64 70 46
64 71 39
64 72 16
64 73 69
64 74 65
64 75 40
64 76 72
64 77 27
64 78 39
64 79 51
64 80 53
64 81 26
64 82 48
64 83 29
64 84 32
64 85 8
64 86 70
64 87 26
64 88 42
64 89 55
64 90 8
64 91 5
65 66 55
65 67 41
65 68 67
65 69 42
65 70 55
65 71 24
65 72 64
65 73 24
65 74 6
65 75 33
65 76 59
65 77 5
65 78 55
65 79 10
65 80 37
65 81 34
65 82 21
65 83 16
65 84 30
65 85 22
65 86 36
65 87 14
65 88 41
65 89 30
65 90 72
65 91 64
65 92 71
66 67 46
66 68 14
66 69 21
66 70 45
66 71 52
66 72 48
66 73 14
66 74 68
66 75 14
66 76 58
66 77 72
66 78 18
66 79 63
66 80 45
66 81 40
66 82 56
66 83 45
66 84 48
66 85 12
66 86 54
66 87 20
66 88 49
66 89 60
66 90 58
66 91 13
66 92 37
66 93 50
67 68 6
67 69 1
67 70 36
67 71 19
67 72 21
67 73 68
67 74 51
67 75 55
67 76 11
67 77 34
67 78 51
67 79 21
67 80 57
67 81 42
67 82 10
67 83 63
67 84 50
67 85 23
67 86 31
67 87 10
67 88 47
67 89 72
67 90 72
67 91 72
67 92 8
67 93 39
67 94 26
68 69 61
68 70 22
68 71 2
68 72 53
68 73 30
68 74 12
68 75 73
68 76 6
68 77 3
68 78 12
68 79 73
68 80 41
68 81 13
68 82 25
68 83 54
68 84 40
68 85 31
68 86 51
68 87 53
68 88 52
68 89 73
68 90 11
68 91 44
68 92 14
68 93 5
68 94 65
68 95 50
69 70 5
69 71 35
69 72 61
69 73 7
69 74 9
69 75 47
69 76 21
69 77 65
69 78 33
69 79 66
69 80 53
69 81 54
69 82 35
69 83 1
69 84 1
69 85 25
69 86 55
69 87 19
69 88 69
69 89 51
69 90 47
69 91 9
69 92 37
69 93 42
69 94 20
69 95 57
69 96 60
71 72 59
71 73 38
71 74 69
71 75 63
71 76 12
71 77 61
71 78 43
71 79 1
71 80 15
71 81 38
71 82 61
71 83 11
71 84 54
71 85 44
71 86 70
71 87 75
71 88 12
71 89 32
71 90 47
71 91 43
71 92 65
71 93 17
71 94 26
71 95 45
71 96 55
71 97 33
71 98 68
72 73 16
72 74 26
72 75 67
72 76 69
72 77 54
72 78 50
72 79 6
72 80 24
72 81 71
72 82 17
72 83 54
72 84 55
72 85 49
72 86 46
72 87 56
72 88 36
72 89 56
72 90 68
72 91 56
72 92 72
72 93 4
72 94 62
72 95 28
72 96 27
72 97 37
72 98 5
72 99 10
73 74 1
73 75 26
73 76 28
73 77 44
73 78 8
73 79 28
73 80 19
73 81 17
73 82 31
73 83 59
73 84 32
73 85 5
73 86 68
73 87 54
73 88 20
73 89 40
73 90 19
73 91 72
73 92 34
73 93 33
73 94 28
73 95 60
73 96 39
73 97 5
73 98 58
73 99 8
73 100 1
74 75 26
74 76 11
74 77 52
74 78 40
74 79 3
74 80 41
74 81 56
74 82 28
74 83 17
74 84 1
74 85 51
74 86 41
74 87 44
74 88 53
74 89 38
74 90 2
74 91 69
74 92 71
74 93 32
74 94 56
74 95 6
74 96 61
74 97 72
74 98 23
74 99 43
74 100 52
74 101 15
75 76 30
75 77 12
75 78 66
75 79 6
75 80 59
75 81 51
75 82 69
75 83 30
75 84 35
75 85 60
75 86 71
75 87 57
75 88 73
75 89 44
75 90 41
75 91 69
75 92 65
75 93 53
75 94 37
75 95 60
75 96 40
75 97 66
75 98 20
75 99 59
75 100 58
75 101 2
75 102 51
76 77 6
76 78 23
76 79 41
76 80 16
76 81 66
76 82 13
76 83 38
76 84 17
76 85 34
76 86 14
76 87 51
76 88 50
76 89 11
76 90 25
76 91 26
76 92 49
76 93 67
76 94 29
76 95 18
76 96 30
76 97 55
76 98 15
76 99 38
76 100 54
76 101 69
76 102 43
76 103 27
77 78 58
77 79 23
77 80 74
77 81 52
77 82 66
77 83 30
77 84 44
77 85 16
77 86 10
77 87 19
77 88 59
77 89 38
77 90 74
77 91 27
77 92 73
77 93 13
77 94 8
77 95 25
77 96 64
77 97 32
77 98 15
77 99 51
77 100 55
77 101 42
77 102 11
77 103 43
77 104 61
78 79 57
78 80 46
78 81 19
78 82 6
78 83 53
78 84 9
78 85 10
78 86 36
78 87 10
78 88 29
78 89 72
78 90 9
78 91 49
78 92 2
78 93 46
78 94 1
78 95 46
78 96 3
78 97 57
78 98 47
78 99 5
78 100 62
78 101 43
78 102 38
78 103 4
78 104 66
78 105 8
79 80 68
79 81 58
79 82 71
79 83 20
79 84 14
79 85 1
79 86 22
79 87 51
79 88 23
79 89 63
79 90 47
79 91 36
79 92 70
79 93 48
79 94 59
79 95 28
79 96 65
79 97 51
79 98 56
79 99 62
79 100 28
79 101 61
79 102 74
79 103 44
79 104 25
79 105 73
79 106 65
80 81 11
80 82 23
80 83 55
80 84 60
80 85 52
80 86 59
80 87 61
80 88 61
80 89 30
80 90 12
80 91 67
80 92 1
80 93 27
80 94 17
80 95 3
80 96 33
80 97 59
80 98 74
80 99 2
80 100 10
80 101 42
80 102 42
80 103 35
80 104 61
80 105 45
80 106 2
80 107 15
81 82 39
81 83 52
81 84 14
81 85 62
81 86 72
81 87 17
81 88 21
81 89 53
81 90 73
81 91 51
81 92 54
81 93 20
81 94 66
81 95 4
81 96 64
81 97 57
81 98 48
81 99 29
81 100 41
81 101 70
81 102 40
81 103 45
81 104 28
81 105 15
81 106 64
81 107 9
81 108 26
82 83 2
82 84 38
82 85 33
82 86 62
82 87 3
82 88 9
82 89 60
82 90 53
82 91 36
82 92 40
82 93 16
82 94 66
82 95 14
82 96 6
82 97 13
82 98 12
82 99 26
82 100 6
82 101 12
82 102 58
82 103 57
82 104 50
82 105 41
82 106 7
82 107 8
82 108 55
82 109 33
83 84 16
83 85 47
83 86 37
83 87 30
83 88 71
83 89 32
83 90 6
83 91 73
83 92 44
83 93 39
83 94 12
83 95 72
83 96 70
83 97 28
83 98 43
83 99 25
83 100 39
83 101 32
83 102 60
83 103 73
83 104 30
83 105 30
83 106 21
83 107 52
83 108 50
83 109 14
83 110 63
85 86 45
85 87 57
85 88 26
85 89 30
85 90 4
85 91 58
85 92 18
85 93 60
85 94 13
85 95 17
85 96 18
85 97 22
85 98 25
85 99 68
85 100 31
85 101 3
85 102 68
85 103 6
85 104 11
85 105 10
85 106 43
85 107 48
85 108 55
85 109 27
85 110 19
85 111 39
85 112 36
86 87 3
86 88 58
86 89 37
86 90 18
86 91 49
86 92 19
86 93 17
86 94 18
86 95 61
86 96 5
86 97 19
86 98 71
86 99 20
86 100 53
86 101 7
86 102 19
86 103 23
86 104 51
86 105 32
86 106 5
86 107 52
86 108 50
86 109 61
86 110 18
86 111 22
86 112 72
86 113 2
87 88 27
87 89 6
87 90 34
87 91 52
87 92 23
87 93 67
87 94 26
87 95 25
87 96 16
87 97 12
87 98 60
87 99 47
87 100 13
87 101 11
87 102 68
87 103 27
87 104 2
87 105 70
87 106 70
87 107 47
87 108 28
87 109 15
87 110 71
87 111 23
87 112 45
87 113 70
87 114 1
88 89 50
88 90 37
88 91 60
88 92 16
88 93 14
88 94 75
88 95 27
88 96 15
88 97 44
88 98 19
88 99 55
88 100 17
88 101 24
88 102 2
88 103 50
88 104 24
88 105 62
88 106 5
88 107 50
88 108 62
88 109 17
88 110 49
88 111 61
88 112 75
88 113 66
88 114 69
88 115 52
89 90 42
89 91 51
89 92 50
89 93 9
89 94 17
89 95 66
89 96 57
89 97 3
89 98 49
89 99 73
89 100 55
89 101 6
89 102 41
89 103 35
89 104 56
89 105 54
89 106 46
89 107 61
89 108 19
89 109 66
89 110 54
89 111 68
89 112 14
89 113 38
89 114 11
89 115 16
89 116 52
90 91 54
90 92 32
90 93 59
90 94 45
90 95 52
90 96 29
90 97 1
90 98 64
90 99 38
90 100 5
90 101 9
90 102 34
90 103 53
90 104 10
90 105 10
90 106 14
90 107 37
90 108 15
90 109 61
90 110 57
90 111 57
90 112 65
90 113 27
90 114 67
90 115 25
90 116 17
90 117 53
91 92 16
91 93 9
91 94 70
91 95 29
91 96 67
91 97 66
91 98 17
91 99 71
91 100 61
91 101 2
91 102 27
91 103 56
91 104 51
91 105 49
91 106 53
91 107 13
91 108 3
91 109 9
91 110 68
91 111 6
91 112 22
91 113 17
91 114 7
91 115 17
91 116 74
91 117 7
91 118 34
92 93 27
92 94 68
92 95 2
92 96 38
92 97 63
92 98 63
92 99 30
92 100 68
92 101 17
92 102 10
92 103 26
92 104 11
92 105 42
92 106 10
92 107 15
92 108 36
92 109 52
92 110 17
92 111 69
92 112 6
92 113 51
92 114 3
92 115 24
92 116 8
92 117 31
92 118 75
92 119 69
93 94 14
93 95 4
93 96 46
93 97 18
93 98 59
93 99 60
93 100 26
93 101 4
93 102 3
93 103 52
93 104 30
93 105 30
93 106 35
93 107 66
93 108 10
93 109 4
93 110 60
93 111 51
93 112 28
93 113 47
93 114 10
93 115 39
93 116 33
93 117 15
93 118 56
93 119 68
93 120 15
94 95 15
94 96 23
94 97 68
94 98 46
94 99 26
94 100 14
94 101 15
94 102 52
94 103 13
94 104 13
94 105 10
94 106 6
94 107 42
94 108 46
94 109 54
94 110 33
94 111 69
94 112 23
94 113 43
94 114 42
94 115 34
94 116 29
94 117 3
94 118 70
94 119 21
94 120 23
94 121 71
95 96 50
95 97 65
95 98 23
95 99 1
95 100 48
95 101 68
95 102 69
95 103 2
95 104 11
95 105 72
95 106 20
95 107 26
95 108 24
95 109 14
95 110 60
95 111 25
95 112 57
95 113 15
95 114 45
95 115 32
95 116 68
95 117 22
95 118 35
95 119 72
95 120 53
95 121 9
95 122 68
96 97 2
96 98 25
96 99 14
96 100 49
96 101 22
96 102 14
96 103 67
96 104 6
96 105 60
96 106 37
96 107 4
96 108 24
96 109 10
96 110 19
96 111 20
96 112 8
96 113 4
96 114 11
96 115 54
96 116 63
96 117 63
96 118 33
96 119 75
96 120 64
96 121 66
96 122 54
96 123 54
97 98 41
97 99 34
97 100 63
97 101 58
97 102 22
97 103 2
97 104 66
97 105 56
97 106 32
97 107 16
97 108 3
97 109 69
97 110 63
97 111 29
97 112 14
97 113 25
97 114 28
97 115 43
97 116 23
97 117 16
97 118 1
97 119 44
97 120 15
97 121 29
97 122 59
97 123 54
97 124 3
99 100 32
99 101 33
99 102 59
99 103 33
99 104 27
99 105 45
99 106 11
99 107 67
99 108 44
99 109 36
99 110 35
99 111 67
99 112 51
99 113 17
99 114 31
99 115 74
99 116 12
99 117 30
99 118 10
99 119 60
99 120 44
99 121 48
99 122 12
99 123 65
99 124 61
99 125 72
99 126 23
100 101 23
100 102 7
100 103 56
100 104 63
100 105 58
100 106 41
100 107 1
100 108 16
100 109 64
100 110 57
100 111 41
100 112 1
100 113 64
100 114 53
100 115 26
100 116 57
100 117 17
100 118 15
100 119 37
100 120 15
100 121 59
100 122 22
100 123 3
100 124 63
100 125 69
100 126 29
100 127 51
101 102 15
101 103 70
101 104 75
101 105 27
101 106 61
101 107 41
101 108 74
101 109 2
101 110 34
101 111 46
101 112 60
101 113 72
101 114 12
101 115 40
101 116 2
101 117 5
101 118 35
101 119 63
101 120 12
101 121 16
101 122 29
101 123 57
101 124 56
101 125 26
101 126 37
101 127 73
101 128 28
102 103 56
102 104 6
102 105 16
102 106 33
102 107 68
102 108 21
102 109 69
102 110 68
102 111 69
102 112 55
102 113 13
102 114 49
102 115 69
102 116 11
102 117 29
102 118 62
102 119 24
102 120 51
102 121 45
102 122 55
102 123 36
102 124 7
102 125 25
102 126 8
102 127 62
102 128 29
102 129 68
103 104 30
103 105 57
103 106 6
103 107 36
103 108 61
103 109 5
103 110 65
103 111 75
103 112 47
103 113 35
103 114 65
103 115 75
103 116 75
103 117 19
103 118 11
103 119 18
103 120 64
103 121 40
103 122 43
103 123 69
103 124 16
103 125 24
103 126 37
103 127 15
103 128 66
103 129 47
103 130 8
104 105 33
104 106 64
104 107 3
104 108 5
104 109 34
104 110 75
104 111 9
104 112 37
104 113 63
104 114 14
104 115 20
104 116 68
104 117 69
104 118 10
104 119 12
104 120 60
104 121 48
104 122 56
104 123 50
104 124 39
104 125 58
104 126 4
104 127 54
104 128 68
104 129 3
104 130 41
104 131 46
105 106 59
105 107 51
105 108 68
105 109 5
105 110 30
105 111 8
105 112 6
105 113 43
105 114 57
105 115 15
105 116 49
105 117 56
105 118 54
105 119 72
105 120 67
105 121 64
105 122 1
105 123 42
105 124 31
105 125 41
105 126 27
105 127 68
105 128 17
105 129 51
105 130 13
105 131 34
105 132 27
106 107 37
106 108 60
106 109 19
106 110 72
106 111 43
106 112 53
106 113 19
106 114 31
106 115 59
106 116 46
106 117 26
106 118 72
106 119 36
106 120 25
106 121 68
106 122 20
106 123 62
106 124 26
106 125 3
106 126 33
106 127 27
106 128 44
106 129 11
106 130 47
106 131 68
106 132 17
106 133 11
107 108 75
107 109 8
107 110 60
107 111 25
107 112 37
107 113 59
107 114 61
107 115 51
107 116 9
107 117 15
107 118 38
107 119 27
107 120 57
107 121 9
107 122 37
107 123 9
107 124 68
107 125 47
107 126 26
107 127 17
107 128 31
107 129 65
107 130 46
107 131 66
107 132 19
107 133 2
107 134 33
108 109 20
108 110 69
108 111 40
108 112 47
108 113 45
108 114 75
108 115 28
108 116 15
108 117 18
108 118 27
108 119 23
108 120 39
108 121 23
108 122 15
108 123 46
108 124 45
108 125 31
108 126 54
108 127 41
108 128 19
108 129 4
108 130 68
108 131 47
108 132 31
108 133 18
108 134 24
108 135 23
109 110 45
109 111 56
109 112 43
109 113 36
109 114 13
109 115 40
109 116 13
109 117 70
109 118 62
109 119 6
109 120 6
109 121 1
109 122 24
109 123 32
109 124 17
109 125 70
109 126 74
109 127 60
109 128 75
109 129 5
109 130 69
109 131 22
109 132 63
109 133 28
109 134 27
109 135 37
109 136 25
110 111 20
110 112 44
110 113 51
110 114 11
110 115 51
110 116 2
110 117 36
110 118 43
110 119 61
110 120 66
110 121 67
110 122 21
110 123 54
110 124 5
110 125 7
110 126 3
110 127 34
110 128 51
110 129 38
110 130 37
110 131 55
110 132 4
110 133 49
110 134 25
110 135 41
110 136 64
110 137 62
111 112 21
111 113 19
111 114 15
111 115 35
111 116 1
111 117 14
111 118 44
111 119 48
111 120 49
111 121 11
111 122 72
111 123 13
111 124 73
111 125 67
111 126 25
111 127 30
111 128 11
111 129 19
111 130 3
111 131 26
111 132 58
111 133 7
111 134 41
111 135 33
111 136 10
111 137 33
111 138 15
113 114 37
113 115 2
113 116 5
113 117 56
113 118 55
113 119 49
113 120 22
113 121 56
113 122 56
113 123 64
113 124 25
113 125 71
113 126 37
113 127 75
113 128 37
113 129 69
113 130 34
113 131 62
113 132 8
113 133 74
113 134 49
113 135 39
113 136 12
113 137 40
113 138 35
113 139 15
113 140 70
114 115 8
114 116 3
114 117 49
114 118 48
114 119 65
114 120 16
114 121 68
114 122 4
114 123 62
114 124 69
114 125 67
114 126 74
114 127 31
114 128 56
114 129 26
114 130 37
114 131 49
114 132 4
114 133 55
114 134 22
114 135 47
114 136 67
114 137 29
114 138 49
114 139 5
114 140 21
114 141 23
115 116 45
115 117 54
115 118 14
115 119 9
115 120 24
115 121 25
115 122 75
115 123 58
115 124 22
115 125 59
115 126 17
115 127 49
115 128 39
115 129 25
115 130 65
115 131 28
115 132 14
115 133 56
115 134 10
115 135 41
115 136 43
115 137 39
115 138 42
115 139 43
115 140 57
115 141 26
115 142 63
116 117 38
116 118 15
116 119 47
116 120 48
116 121 47
116 122 20
116 123 16
116 124 57
116 125 15
116 126 36
116 127 47
116 128 55
116 129 20
116 130 55
116 131 26
116 132 36
116 133 18
116 134 20
116 135 10
116 136 44
116 137 39
116 138 62
116 139 2
116 140 52
116 141 28
116 142 38
116 143 63
117 118 54
117 119 52
117 120 31
117 121 60
117 122 71
117 123 50
117 124 51
117 125 18
117 126 71
117 127 17
117 128 63
117 129 4
117 130 41
117 131 46
117 132 34
117 133 71
117 134 21
117 135 43
117 136 28
117 137 7
117 138 50
117 139 37
117 140 62
117 141 7
117 142 42
117 143 22
117 144 43
118 119 46
118 120 64
118 121 5
118 122 69
118 123 9
118 124 74
118 125 19
118 126 56
118 127 10
118 128 14
118 129 71
118 130 32
118 131 59
118 132 73
118 133 32
118 134 52
118 135 59
118 136 40
118 137 54
118 138 57
118 139 57
118 140 13
118 141 2
118 142 12
118 143 75
118 144 37
118 145 66
119 120 59
119 121 54
119 122 74
119 123 11
119 124 73
119 125 26
119 126 57
119 127 8
119 128 58
119 129 46
119 130 54
119 131 56
119 132 18
119 133 51
119 134 37
119 135 52
119 136 24
119 137 57
119 138 13
119 139 42
119 140 69
119 141 36
119 142 44
119 143 27
119 144 57
119 145 38
119 146 57
120 121 6
120 122 19
120 123 19
120 124 63
120 125 53
120 126 21
120 127 38
120 128 13
120 129 1
120 130 50
120 131 22
120 132 50
120 133 4
120 134 40
120 135 55
120 136 55
120 137 51
120 138 6
120 139 61
120 140 18
120 141 4
120 142 3
120 143 63
120 144 24
120 145 2
120 146 70
120 147 50
121 122 13
121 123 6
121 124 1
121 125 40
121 126 17
121 127 45
121 128 70
121 129 69
121 130 11
121 131 18
121 132 38
121 133 6
121 134 13
121 135 52
121 136 50
121 137 67
121 138 61
121 139 24
121 140 15
121 141 25
121 142 6
121 143 6
121 144 5
121 145 56
121 146 33
121 147 43
121 148 38
122 123 19
122 124 66
122 125 20
122 126 49
122 127 53
122 128 23
122 129 49
122 130 4
122 131 32
122 132 4
122 133 31
122 134 60
122 135 66
122 136 14
122 137 14
122 138 36
122 139 31
122 140 75
122 141 26
122 142 5
122 143 54
122 144 25
122 145 40
122 146 7
122 147 35
122 148 33
122 149 71
123 124 34
123 125 35
123 126 59
123 127 47
123 128 24
123 129 56
123 130 64
123 131 3
123 132 47
123 133 2
123 134 43
123 135 26
123 136 9
123 137 8
123 138 65
123 139 29
123 140 3
123 141 52
123 142 43
123 143 14
123 144 66
123 145 1
123 146 59
123 147 24
123 148 54
123 149 41
123 150 26
124 125 9
124 126 25
124 127 63
124 128 57
124 129 47
124 130 14
124 131 22
124 132 49
124 133 60
124 134 58
124 135 5
124 136 55
124 137 23
124 138 71
124 139 45
124 140 70
124 141 61
124 142 54
124 143 43
124 144 71
124 145 40
124 146 53
124 147 24
124 148 34
124 149 53
124 150 35
124 151 62
125 126 6
125 127 15
125 128 64
125 129 64
125 130 57
125 131 56
125 132 45
125 133 19
125 134 70
125 135 70
125 136 17
125 137 56
125 138 32
125 139 34
125 140 27
125 141 3
125 142 40
125 143 71
125 144 55
125 145 6
125 146 71
125 147 70
125 148 27
125 149 38
125 150 27
125 151 10
125 152 44
127 128 24
127 129 55
127 130 62
127 131 55
127 132 1
127 133 47
127 134 40
127 135 9
127 136 72
127 137 23
127 138 18
127 139 27
127 140 65
127 141 47
127 142 69
127 143 23
127 144 26
127 145 61
127 146 14
127 147 53
127 148 46
127 149 40
127 150 3
127 151 10
127 152 4
127 153 25
127 154 19
128 129 67
128 130 1
128 131 36
128 132 4
128 133 45
128 134 74
128 135 62
128 136 2
128 137 74
128 138 40
128 139 58
128 140 27
128 141 65
128 142 63
128 143 4
128 144 68
128 145 11
128 146 37
128 147 3
128 148 18
128 149 49
128 150 14
128 151 36
128 152 37
128 153 18
128 154 45
128 155 15
129 130 67
129 131 66
129 132 29
129 133 60
129 134 40
129 135 37
129 136 1
129 137 60
129 138 27
129 139 3
129 140 61
129 141 33
129 142 11
129 143 19
129 144 45
129 145 53
129 146 33
129 147 16
129 148 18
129 149 17
129 150 58
129 151 70
129 152 64
129 153 20
129 154 70
129 155 57
129 156 31
130 131 19
130 132 33
130 133 63
130 134 16
130 135 18
130 136 44
130 137 7
130 138 72
130 139 53
130 140 54
130 141 23
130 142 15
130 143 32
130 144 62
130 145 58
130 146 11
130 147 69
130 148 64
130 149 20
130 150 25
130 151 15
130 152 20
130 153 61
130 154 37
130 155 39
130 156 36
130 157 36
131 132 73
131 133 20
131 134 3
131 135 43
131 136 41
131 137 60
131 138 43
131 139 19
131 140 22
131 141 59
131 142 3
131 143 31
131 144 7
131 145 28
131 146 62
131 147 35
131 148 29
131 149 45
131 150 7
131 151 44
131 152 27
131 153 41
131 154 29
131 155 3
131 156 49
131 157 64
131 158 24
132 133 11
132 134 54
132 135 67
132 136 4
132 137 37
132 138 1
132 139 33
132 140 27
132 141 58
132 142 1
132 143 37
132 144 48
132 145 10
132 146 75
132 147 32
132 148 74
132 149 48
132 150 33
132 151 31
132 152 66
132 153 44
132 154 36
132 155 50
132 156 6
132 157 74
132 158 70
132 159 49
133 134 45
133 135 56
133 136 61
133 137 41
133 138 56
133 139 13
133 140 70
133 141 20
133 142 51
133 143 37
133 144 22
133 145 68
133 146 60
133 147 4
133 148 25
133 149 10
133 150 20
133 151 4
133 152 71
133 153 23
133 154 19
133 155 64
133 156 16
133 157 48
133 158 9
133 159 41
133 160 5
134 135 9
134 136 10
134 137 9
134 138 68
134 139 13
134 140 67
134 141 54
134 142 75
134 143 12
134 144 13
134 145 45
134 146 34
134 147 33
134 148 28
134 149 3
134 150 70
134 151 7
134 152 54
134 153 20
134 154 29
134 155 65
134 156 57
134 157 47
134 158 32
134 159 7
134 160 2
134 161 26
135 136 36
135 137 18
135 138 26
135 139 1
135 140 24
135 141 50
135 142 26
135 143 68
135 144 73
135 145 56
135 146 58
135 147 30
135 148 69
135 149 34
135 150 66
135 151 12
135 152 27
135 153 32
135 154 54
135 155 20
135 156 3
135 157 65
135 158 64
135 159 39
135 160 4
135 161 8
135 162 59
136 137 1
136 138 57
136 139 40
136 140 74
136 141 22
136 142 9
136 143 43
136 144 63
136 145 64
136 146 1
136 147 42
136 148 17
136 149 48
136 150 67
136 151 28
136 152 35
136 153 74
136 154 46
136 155 25
136 156 26
136 157 49
136 158 37
136 159 68
136 160 51
136 161 6
136 162 15
136 163 65
137 138 12
137 139 73
137 140 62
137 141 49
137 142 64
137 143 17
137 144 20
137 145 71
137 146 62
137 147 49
137 148 21
137 149 8
137 150 61
137 151 22
137 152 66
137 153 39
137 154 15
137 155 51
137 156 62
137 157 22
137 158 7
137 159 57
137 160 23
137 161 72
137 162 21
137 163 7
137 164 65
138 139 2
138 140 8
138 141 22
138 142 47
138 143 62
138 144 28
138 145 39
138 146 11
138 147 54
138 148 62
138 149 32
138 150 26
138 151 14
138 152 58
138 153 41
138 154 53
138 155 41
138 156 35
138 157 1
138 158 50
138 159 13
138 160 60
138 161 48
138 162 73
138 163 25
138 164 38
138 165 38
139 140 14
139 141 60
139 142 52
139 143 32
139 144 43
139 145 25
139 146 60
139 147 55
139 148 17
139 149 6
139 150 33
139 151 72
139 152 28
139 153 55
139 154 60
139 155 26
139 156 73
139 157 66
139 158 65
139 159 62
139 160 20
139 161 72
139 162 30
139 163 56
139 164 17
139 165 20
139 166 28
141 142 10
141 143 22
141 144 14
141 145 48
141 146 32
141 147 3
141 148 21
141 149 59
141 150 27
141 151 47
141 152 59
141 153 28
141 154 53
141 155 20
141 156 44
141 157 74
141 158 13
141 159 5
141 160 69
141 161 67
141 162 70
141 163 20
141 164 6
141 165 34
141 166 16
141 167 65
141 168 33
142 143 54
142 144 69
142 145 75
142 146 33
142 147 47
142 148 49
142 149 12
142 150 47
142 151 67
142 152 10
142 153 68
142 154 24
142 155 28
142 156 72
142 157 54
142 158 43
142 159 16
142 160 27
142 161 66
142 162 46
142 163 23
142 164 31
142 165 51
142 166 71
142 167 67
142 168 72
142 169 63
143 144 17
143 145 32
143 146 75
143 147 25
143 148 45
143 149 43
143 150 58
143 151 6
143 152 20
143 153 4
143 154 29
143 155 39
143 156 59
143 157 69
143 158 24
143 159 72
143 160 39
143 161 40
143 162 11
143 163 54
143 164 37
143 165 35
143 166 50
143 167 25
143 168 30
143 169 43
143 170 3
144 145 58
144 146 32
144 147 19
144 148 29
144 149 29
144 150 46
144 151 40
144 152 15
144 153 12
144 154 43
144 155 19
144 156 67
144 157 6
144 158 53
144 159 42
144 160 29
144 161 6
144 162 34
144 163 35
144 164 29
144 165 71
144 166 28
144 167 51
144 168 16
144 169 62
144 170 51
144 171 2
145 146 49
145 147 23
145 148 40
145 149 56
145 150 12
145 151 11
145 152 24
145 153 38
145 154 40
145 155 49
145 156 50
145 157 37
145 158 13
145 159 24
145 160 44
145 161 65
145 162 1
145 163 12
145 164 15
145 165 58
145 166 61
145 167 11
145 168 5
145 169 49
145 170 8
145 171 61
145 172 44
146 147 4
146 148 65
146 149 17
146 150 18
146 151 52
146 152 2
146 153 18
146 154 54
146 155 25
146 156 61
146 157 25
146 158 25
146 159 69
146 160 55
146 161 21
146 162 62
146 163 43
146 164 2
146 165 35
146 166 65
146 167 28
146 168 43
146 169 44
146 170 69
146 171 21
146 172 16
146 173 19
147 148 18
147 149 13
147 150 23
147 151 62
147 152 41
147 153 35
147 154 70
147 155 62
147 156 36
147 157 43
147 158 24
147 159 55
147 160 67
147 161 11
147 162 44
147 163 62
147 164 19
147 165 33
147 166 42
147 167 50
147 168 70
147 169 10
147 170 74
147 171 8
147 172 35
147 173 37
147 174 37
148 149 71
148 150 68
148 151 74
148 152 5
148 153 20
148 154 2
148 155 53
148 156 13
148 157 28
148 158 22
148 159 17
148 160 28
148 161 17
148 162 24
148 163 65
148 164 37
148 165 30
148 166 44
148 167 39
148 168 59
148 169 5
148 170 60
148 171 45
148 172 51
148 173 36
148 174 25
148 175 41
149 150 19
149 151 43
149 152 3
149 153 51
149 154 19
149 155 66
149 156 25
149 157 73
149 158 56
149 159 69
149 160 24
149 161 59
149 162 40
149 163 67
149 164 34
149 165 54
149 166 72
149 167 68
149 168 61
149 169 26
149 170 22
149 171 17
149 172 72
149 173 15
149 174 2
149 175 46
149 176 48
150 151 12
150 152 70
150 153 28
150 154 4
150 155 23
150 156 28
150 157 70
150 158 56
150 159 37
150 160 18
150 161 27
150 162 51
150 163 21
150 164 32
150 165 71
150 166 12
150 167 51
150 168 57
150 169 28
150 170 26
150 171 11
150 172 61
150 173 24
150 174 41
150 175 12
150 176 34
150 177 5
151 152 53
151 153 69
151 154 42
151 155 28
151 156 15
151 157 60
151 158 6
151 159 16
151 160 37
151 161 45
151 162 67
151 163 53
151 164 6
151 165 37
151 166 59
151 167 1
151 168 40
151 169 74
151 170 39
151 171 21
151 172 45
151 173 39
151 174 13
151 175 69
151 176 74
151 177 54
151 178 75
152 153 43
152 154 47
152 155 40
152 156 67
152 157 41
152 158 68
152 159 59
152 160 75
152 161 61
152 162 61
152 163 36
152 164 53
152 165 55
152 166 57
152 167 71
152 168 27
152 169 65
152 170 6
152 171 51
152 172 31
152 173 63
152 174 50
152 175 65
152 176 46
152 177 13
152 178 73
152 179 73
153 154 21
153 155 73
153 156 11
153 157 36
153 158 6
153 159 29
153 160 10
153 161 61
153 162 33
153 163 64
153 164 15
153 165 30
153 166 11
153 167 18
153 168 1
153 169 73
153 170 23
153 171 51
153 172 71
153 173 34
153 174 3
153 175 2
153 176 20
153 177 38
153 178 38
153 179 73
153 180 12
155 156 66
155 157 35
155 158 51
155 159 52
155 160 30
155 161 65
155 162 61
155 163 72
155 164 52
155 165 31
155 166 74
155 167 66
155 168 63
155 169 9
155 170 28
155 171 32
155 172 7
155 173 2
155 174 45
155 175 33
155 176 6
155 177 4
155 178 67
155 179 52
155 180 75
155 181 61
155 182 2
156 157 10
156 158 30
156 159 21
156 160 62
156 161 31
156 162 32
156 163 33
156 164 62
156 165 13
156 166 51
156 167 4
156 168 65
156 169 7
156 170 25
156 171 17
156 172 55
156 173 68
156 174 15
156 175 25
156 176 50
156 177 62
156 178 55
156 179 54
156 180 33
156 181 5
156 182 4
156 183 6
157 158 60
157 159 37
157 160 17
157 161 6
157 162 11
157 163 70
157 164 69
157 165 8
157 166 65
157 167 66
157 168 69
157 169 23
157 170 25
157 171 22
157 172 74
157 173 8
157 174 54
157 175 58
157 176 3
157 177 29
157 178 30
157 179 59
157 180 4
157 181 51
157 182 51
157 183 73
157 184 2
158 159 14
158 160 74
158 161 3
158 162 3
158 163 2
158 164 36
158 165 7
158 166 59
158 167 17
158 168 31
158 169 54
158 170 6
158 171 42
158 172 53
158 173 40
158 174 53
158 175 26
158 176 53
158 177 66
158 178 17
158 179 61
158 180 74
158 181 10
158 182 31
158 183 39
158 184 39
158 185 43
159 160 56
159 161 48
159 162 33
159 163 67
159 164 17
159 165 3
159 166 60
159 167 7
159 168 62
159 169 20
159 170 17
159 171 7
159 172 25
159 173 27
159 174 1
159 175 71
159 176 24
159 177 48
159 178 43
159 179 10
159 180 70
159 181 12
159 182 62
159 183 34
159 184 48
159 185 26
159 186 46
160 161 73
160 162 11
160 163 19
160 164 12
160 165 2
160 166 11
160 167 29
160 168 1
160 169 27
160 170 36
160 171 9
160 172 34
160 173 73
160 174 29
160 175 55
160 176 28
160 177 44
160 178 25
160 179 75
160 180 3
160 181 27
160 182 11
160 183 74
160 184 67
160 185 59
160 186 9
160 187 62
161 162 39
161 163 34
161 164 53
161 165 18
161 166 9
161 167 20
161 168 33
161 169 39
161 170 23
161 171 15
161 172 33
161 173 7
161 174 57
161 175 23
161 176 54
161 177 27
161 178 3
161 179 55
161 180 67
161 181 13
161 182 12
161 183 63
161 184 57
161 185 58
161 186 61
161 187 46
161 188 14
162 163 36
162 164 29
162 165 23
162 166 56
162 167 72
162 168 73
162 169 17
162 170 25
162 171 16
162 172 65
162 173 57
162 174 40
162 175 26
162 176 32
162 177 26
162 178 35
162 179 68
162 180 73
162 181 47
162 182 39
162 183 35
162 184 54
162 185 52
162 186 17
162 187 71
162 188 5
162 189 8
163 164 40
163 165 16
163 166 68
163 167 55
163 168 27
163 169 67
163 170 55
163 171 5
163 172 58
163 173 71
163 174 8
163 175 58
163 176 41
163 177 56
163 178 62
163 179 61
163 180 6
163 181 26
163 182 43
163 183 5
163 184 48
163 185 53
163 186 38
163 187 47
163 188 75
163 189 57
163 190 61
164 165 27
164 166 61
164 167 14
164 168 3
164 169 33
164 170 74
164 171 71
164 172 11
164 173 6
164 174 28
164 175 66
164 176 47
164 177 10
164 178 36
164 179 29
164 180 45
164 181 54
164 182 53
164 183 67
164 184 75
164 185 69
164 186 46
164 187 54
164 188 26
164 189 32
164 190 4
164 191 72
165 166 69
165 167 58
165 168 60
165 169 9
165 170 50
165 171 18
165 172 52
165 173 42
165 174 60
165 175 66
165 176 13
165 177 1
165 178 54
165 179 24
165 180 38
165 181 57
165 182 70
165 183 17
165 184 68
165 185 23
165 186 63
165 187 28
165 188 44
165 189 21
165 190 8
165 191 46
165 192 29
166 167 18
166 168 8
166 169 29
166 170 54
166 171 63
166 172 61
166 173 48
166 174 55
166 175 3
166 176 23
166 177 73
166 178 65
166 179 61
166 180 75
166 181 20
166 182 45
166 183 42
166 184 34
166 185 24
166 186 24
166 187 44
166 188 30
166 189 22
166 190 8
166 191 39
166 192 64
166 193 65
167 168 25
167 169 35
167 170 18
167 171 72
167 172 67
167 173 34
167 174 42
167 175 68
167 176 3
167 177 73
167 178 32
167 179 32
167 180 68
167 181 74
167 182 75
167 183 49
167 184 65
167 185 58
167 186 13
167 187 23
167 188 43
167 189 25
167 190 12
167 191 19
167 192 18
167 193 69
167 194 10
169 170 60
169 171 12
169 172 38
169 173 50
169 174 61
169 175 26
169 176 73
169 177 14
169 178 60
169 179 35
169 180 69
169 181 25
169 182 55
169 183 13
169 184 23
169 185 72
169 186 49
169 187 70
169 188 10
169 189 58
169 190 64
169 191 56
169 192 40
169 193 35
169 194 42
169 195 62
169 196 59
170 171 75
170 172 57
170 173 6
170 174 60
170 175 43
170 176 32
170 177 13
170 178 6
170 179 74
170 180 13
170 181 63
170 182 27
170 183 11
170 184 41
170 185 3
170 186 24
170 187 10
170 188 72
170 189 5
170 190 38
170 191 50
170 192 31
170 193 34
170 194 43
170 195 58
170 196 53
170 197 75
171 172 49
171 173 9
171 174 39
171 175 14
171 176 52
171 177 74
171 178 75
171 179 56
171 180 49
171 181 25
171 182 46
171 183 40
171 184 4
171 185 18
171 186 66
171 187 68
171 188 1
171 189 16
171 190 19
171 191 13
171 192 21
171 193 40
171 194 26
171 195 62
171 196 35
171 197 34
171 198 69
172 173 26
172 174 37
172 175 3
172 176 11
172 177 24
172 178 26
172 179 14
172 180 75
172 181 72
172 182 45
172 183 59
172 184 63
172 185 58
172 186 38
172 187 32
172 188 30
172 189 7
172 190 19
172 191 65
172 192 52
172 193 20
172 194 32
172 195 54
172 196 10
172 197 3
172 198 52
172 199 55
173 174 54
173 175 16
173 176 44
173 177 22
173 178 54
173 179 40
173 180 29
173 181 54
173 182 61
173 183 22
173 184 19
173 185 54
173 186 47
173 187 1
173 188 45
173 189 50
173 190 41
173 191 51
173 192 25
173 193 10
173 194 21
173 195 13
173 196 66
173 197 38
173 198 23
173 199 24
173 200 11
174 175 21
174 176 24
174 177 4
174 178 26
174 179 11
174 180 40
174 181 49
174 182 32
174 183 38
174 184 70
174 185 12
174 186 17
174 187 50
174 188 69
174 189 16
174 190 62
174 191 47
174 192 69
174 193 30
174 194 34
174 195 47
174 196 26
174 197 26
174 198 51
174 199 71
174 200 14
174 201 59
175 176 46
175 177 67
175 178 26
175 179 25
175 180 71
175 181 37
175 182 52
175 183 12
175 184 23
175 185 13
175 186 40
175 187 25
175 188 21
175 189 56
175 190 31
175 191 32
175 192 6
175 193 21
175 194 50
175 195 1
175 196 74
175 197 7
175 198 58
175 199 10
175 200 3
175 201 6
175 202 25
176 177 73
176 178 8
176 179 36
176 180 73
176 181 54
176 182 69
176 183 52
176 184 71
176 185 27
176 186 42
176 187 28
176 188 6
176 189 14
176 190 52
176 191 25
176 192 61
176 193 49
176 194 26
176 195 45
176 196 40
176 197 44
176 198 51
176 199 21
176 200 61
176 201 5
176 202 75
176 203 28
177 178 28
177 179 59
177 180 6
177 181 7
177 182 73
177 183 6
177 184 65
177 185 46
177 186 51
177 187 9
177 188 7
177 189 35
177 190 33
177 191 5
177 192 11
177 193 7
177 194 39
177 195 37
177 196 69
177 197 65
177 198 47
177 199 50
177 200 15
177 201 8
177 202 56
177 203 24
177 204 38
178 179 3
178 180 44
178 181 40
178 182 33
178 183 43
178 184 65
178 185 43
178 186 23
178 187 35
178 188 33
178 189 7
178 190 61
178 191 30
178 192 10
178 193 17
178 194 27
178 195 66
178 196 25
178 197 9
178 198 4
178 199 62
178 200 3
178 201 63
178 202 20
178 203 10
178 204 68
178 205 51
179 180 11
179 181 24
179 182 50
179 183 49
179 184 66
179 185 33
179 186 52
179 187 20
179 188 27
179 189 60
179 190 17
179 191 36
179 192 26
179 193 18
179 194 5
179 195 54
179 196 6
179 197 3
179 198 36
179 199 13
179 200 69
179 201 17
179 202 34
179 203 43
179 204 64
179 205 10
179 206 41
180 181 54
180 182 64
180 183 17
180 184 24
180 185 32
180 186 54
180 187 37
180 188 42
180 189 25
180 190 59
180 191 2
180 192 33
180 193 44
180 194 41
180 195 67
180 196 36
180 197 58
180 198 71
180 199 3
180 200 21
180 201 6
180 202 36
180 203 48
180 204 56
180 205 10
180 206 75
180 207 60
181 182 23
181 183 15
181 184 67
181 185 42
181 186 24
181 187 29
181 188 32
181 189 65
181 190 24
181 191 44
181 192 17
181 193 75
181 194 44
181 195 56
181 196 23
181 197 66
181 198 25
181 199 75
181 200 63
181 201 41
181 202 5
181 203 25
181 204 12
181 205 52
181 206 64
181 207 29
181 208 21
183 184 53
183 185 52
183 186 47
183 187 46
183 188 23
183 189 56
183 190 13
183 191 63
183 192 36
183 193 48
183 194 14
183 195 1
183 196 30
183 197 55
183 198 62
183 199 38
183 200 37
183 201 46
183 202 16
183 203 20
183 204 52
183 205 52
183 206 42
183 207 23
183 208 27
183 209 21
183 210 46
184 185 73
184 186 22
184 187 63
184 188 6
184 189 59
184 190 27
184 191 22
184 192 60
184 193 9
184 194 25
184 195 66
184 196 20
184 197 23
184 198 72
184 199 11
184 200 50
184 201 6
184 202 20
184 203 27
184 204 32
184 205 67
184 206 52
184 207 50
184 208 55
184 209 31
184 210 13
184 211 68
185 186 43
185 187 55
185 188 23
185 189 69
185 190 51
185 191 19
185 192 9
185 193 18
185 194 2
185 195 52
185 196 21
185 197 19
185 198 73
185 199 34
185 200 9
185 201 58
185 202 7
185 203 23
185 204 49
185 205 69
185 206 29
185 207 49
185 208 18
185 209 14
185 210 64
185 211 63
185 212 43
186 187 67
186 188 27
186 189 66
186 190 72
186 191 55
186 192 14
186 193 42
186 194 4
186 195 7
186 196 33
186 197 56
186 198 9
186 199 73
186 200 5
186 201 65
186 202 41
186 203 8
186 204 73
186 205 7
186 206 58
186 207 21
186 208 2
186 209 9
186 210 43
186 211 14
186 212 42
186 213 22
187 188 11
187 189 40
187 190 6
187 191 37
187 192 72
187 193 44
187 194 2
187 195 22
187 196 45
187 197 1
187 198 10
187 199 10
187 200 37
187 201 26
187 202 72
187 203 75
187 204 17
187 205 7
187 206 51
187 207 15
187 208 65
187 209 67
187 210 6
187 211 31
187 212 60
187 213 72
187 214 11
188 189 6
188 190 52
188 191 55
188 192 16
188 193 9
188 194 22
188 195 72
188 196 25
188 197 54
188 198 10
188 199 60
188 200 43
188 201 8
188 202 62
188 203 60
188 204 17
188 205 38
188 206 10
188 207 38
188 208 16
188 209 38
188 210 25
188 211 3
188 212 25
188 213 73
188 214 56
188 215 40
189 190 44
189 191 20
189 192 38
189 193 50
189 194 74
189 195 73
189 196 46
189 197 25
189 198 34
189 199 33
189 200 46
189 201 49
189 202 54
189 203 29
189 204 64
189 205 52
189 206 53
189 207 1
189 208 5
189 209 63
189 210 34
189 211 4
189 212 52
189 213 39
189 214 35
189 215 71
189 216 62
190 191 47
190 192 2
190 193 37
190 194 13
190 195 8
190 196 14
190 197 68
190 198 17
190 199 3
190 200 3
190 201 52
190 202 4
190 203 31
190 204 22
190 205 74
190 206 43
190 207 49
190 208 29
190 209 66
190 210 38
190 211 5
190 212 2
190 213 73
190 214 5
190 215 33
190 216 44
190 217 20
191 192 26
191 193 11
191 194 58
191 195 40
191 196 69
191 197 12
191 198 65
191 199 7
191 200 46
191 201 46
191 202 69
191 203 60
191 204 26
191 205 14
191 206 58
191 207 70
191 208 53
191 209 36
191 210 1
191 211 15
191 212 72
191 213 58
191 214 63
191 215 73
191 216 7
191 217 9
191 218 4
192 193 28
192 194 53
192 195 59
192 196 73
192 197 45
192 198 27
192 199 24
192 200 8
192 201 10
192 202 18
192 203 32
192 204 65
192 205 58
192 206 19
192 207 68
192 208 24
192 209 73
192 210 51
192 211 36
192 212 39
192 213 59
192 214 75
192 215 53
192 216 29
192 217 34
192 218 45
192 219 66
193 194 45
193 195 24
193 196 30
193 197 29
193 198 16
193 199 9
193 200 38
193 201 32
193 202 42
193 203 27
193 204 36
193 205 6
193 206 7
193 207 33
193 208 11
193 209 15
193 210 45
193 211 67
193 212 46
193 213 31
193 214 40
193 215 55
193 216 64
193 217 51
193 218 58
193 219 25
193 220 58
194 195 8
194 196 66
194 197 10
194 198 25
194 199 25
194 200 46
194 201 31
194 202 30
194 203 64
194 204 13
194 205 32
194 206 60
194 207 22
194 208 72
194 209 36
194 210 62
194 211 52
194 212 2
194 213 70
194 214 36
194 215 24
194 216 21
194 217 27
194 218 70
194 219 43
194 220 44
194 221 66
195 196 44
195 197 2
195 198 55
195 199 63
195 200 56
195 201 69
195 202 39
195 203 62
195 204 46
195 205 26
195 206 69
195 207 50
195 208 4
195 209 74
195 210 18
195 211 72
195 212 33
195 213 39
195 214 33
195 215 75
195 216 36
195 217 42
195 218 17
195 219 73
195 220 49
195 221 14
195 222 53
197 198 69
197 199 60
197 200 53
197 201 55
197 202 32
197 203 64
197 204 5
197 205 6
197 206 57
197 207 51
197 208 40
197 209 32
197 210 16
197 211 41
197 212 34
197 213 8
197 214 4
197 215 10
197 216 38
197 217 56
197 218 66
197 219 49
197 220 22
197 221 60
197 222 54
197 223 57
197 224 24
198 199 56
198 200 23
198 201 15
198 202 40
198 203 55
198 204 64
198 205 56
198 206 2
198 207 2
198 208 61
198 209 18
198 210 46
198 211 28
198 212 57
198 213 1
198 214 18
198 215 53
198 216 62
198 217 64
198 218 22
198 219 56
198 220 27
198 221 50
198 222 68
198 223 1
198 224 38
198 225 39
199 200 70
199 201 45
199 202 15
199 203 57
199 204 42
199 205 65
199 206 32
199 207 8
199 208 23
199 209 60
199 210 32
199 211 7
199 212 1
199 213 61
199 214 3
199 215 54
199 216 35
199 217 56
199 218 10
199 219 75
199 220 14
199 221 66
199 222 48
199 223 68
199 224 38
199 225 10
199 226 28
200 201 59
200 202 26
200 203 37
200 204 15
200 205 11
200 206 34
200 207 38
200 208 10
200 209 21
200 210 19
200 211 38
200 212 27
200 213 33
200 214 74
200 215 40
200 216 42
200 217 25
200 218 21
200 219 36
200 220 60
200 221 10
200 222 26
200 223 36
200 224 22
200 225 4
200 226 44
200 227 61
201 202 21
201 203 10
201 204 31
201 205 37
201 206 7
201 207 68
201 208 68
201 209 73
201 210 58
201 211 65
201 212 21
201 213 10
201 214 59
201 215 72
201 216 71
201 217 72
201 218 57
201 219 14
201 220 50
201 221 75
201 222 54
201 223 34
201 224 21
201 225 71
201 226 11
201 227 4
201 228 54
202 203 55
202 204 38
202 205 64
202 206 72
202 207 33
202 208 29
202 209 2
202 210 57
202 211 62
202 212 43
202 213 59
202 214 71
202 215 25
202 216 3
202 217 30
202 218 56
202 219 33
202 220 61
202 221 53
202 222 37
202 223 70
202 224 11
202 225 41
202 226 4
202 227 10
202 228 75
202 229 48
203 204 26
203 205 44
203 206 56
203 207 20
203 208 60
203 209 48
203 210 19
203 211 6
203 212 54
203 213 11
203 214 17
203 215 32
203 216 8
203 217 33
203 218 73
203 219 50
203 220 10
203 221 70
203 222 73
203 223 55
203 224 61
203 225 6
203 226 20
203 227 38
203 228 39
203 229 1
203 230 38
204 205 2
204 206 67
204 207 30
204 208 16
204 209 40
204 210 73
204 211 61
204 212 57
204 213 61
204 214 74
204 215 26
204 216 22
204 217 37
204 218 61
204 219 40
204 220 70
204 221 17
204 222 67
204 223 30
204 224 22
204 225 68
204 226 17
204 227 36
204 228 3
204 229 45
204 230 46
204 231 19
205 206 63
205 207 37
205 208 18
205 209 1
205 210 23
205 211 63
205 212 45
205 213 29
205 214 59
205 215 65
205 216 29
205 217 52
205 218 23
205 219 8
205 220 55
205 221 32
205 222 62
205 223 9
205 224 4
205 225 56
205 226 8
205 227 73
205 228 6
205 229 72
205 230 9
205 231 40
205 232 56
206 207 21
206 208 2
206 209 73
206 210 35
206 211 55
206 212 34
206 213 18
206 214 55
206 215 36
206 216 43
206 217 71
206 218 59
206 219 51
206 220 31
206 221 43
206 222 2
206 223 4
206 224 46
206 225 39
206 226 59
206 227 28
206 228 70
206 229 10
206 230 1
206 231 66
206 232 64
206 233 71
207 208 75
207 209 25
207 210 5
207 211 33
207 212 32
207 213 3
207 214 33
207 215 60
207 216 20
207 217 17
207 218 39
207 219 4
207 220 15
207 221 59
207 222 44
207 223 51
207 224 59
207 225 5
207 226 31
207 227 40
207 228 61
207 229 75
207 230 40
207 231 39
207 232 32
207 233 11
207 234 32
208 209 9
208 210 58
208 211 24
208 212 57
208 213 57
208 214 71
208 215 21
208 216 43
208 217 2
208 218 9
208 219 14
208 220 37
208 221 28
208 222 46
208 223 45
208 224 38
208 225 28
208 226 51
208 227 3
208 228 63
208 229 55
208 230 32
208 231 47
208 232 8
208 233 69
208 234 30
208 235 66
209 210 18
209 211 38
209 212 50
209 213 35
209 214 33
209 215 16
209 216 1
209 217 3
209 218 66
209 219 58
209 220 3
209 221 33
209 222 67
209 223 30
209 224 58
209 225 63
209 226 68
209 227 32
209 228 46
209 229 72
209 230 27
209 231 33
209 232 65
209 233 20
209 234 12
209 235 50
209 236 59
211 212 53
211 213 33
211 214 74
211 215 69
211 216 29
211 217 68
211 218 24
211 219 10
211 220 18
211 221 45
211 222 6
211 223 65
211 224 20
211 225 9
211 226 60
211 227 34
211 228 59
211 229 46
211 230 15
211 231 45
211 232 73
211 233 16
211 234 45
211 235 21
211 236 68
211 237 25
211 238 46
212 213 36
212 214 18
212 215 16
212 216 14
212 217 56
212 218 66
212 219 55
212 220 5
212 221 73
212 222 53
212 223 3
212 224 50
212 225 32
212 226 26
212 227 74
212 228 34
212 229 17
212 230 47
212 231 24
212 232 57
212 233 64
212 234 48
212 235 23
212 236 67
212 237 29
212 238 37
212 239 32
213 214 36
213 215 8
213 216 58
213 217 10
213 218 72
213 219 30
213 220 64
213 221 1
213 222 60
213 223 71
213 224 46
213 225 23
213 226 27
213 227 24
213 228 15
213 229 19
213 230 53
213 231 56
213 232 34
213 233 3
213 234 16
213 235 25
213 236 75
213 237 62
213 238 72
213 239 68
213 240 41
214 215 26
214 216 17
214 217 34
214 218 20
214 219 5
214 220 49
214 221 14
214 222 2
214 223 28
214 224 62
214 225 73
214 226 9
214 227 30
214 228 9
214 229 75
214 230 37
214 231 2
214 232 56
214 233 39
214 234 13
214 235 2
214 236 2
214 237 64
214 238 37
214 239 63
214 240 33
214 241 68
215 216 34
215 217 44
215 218 66
215 219 70
215 220 18
215 221 60
215 222 12
215 223 35
215 224 8
215 225 38
215 226 23
215 227 72
215 228 1
215 229 26
215 230 46
215 231 13
215 232 14
215 233 5
215 234 13
215 235 23
215 236 72
215 237 25
215 238 31
215 239 14
215 240 1
215 241 69
215 242 17
216 217 6
216 218 11
216 219 74
216 220 44
216 221 24
216 222 8
216 223 4
216 224 48
216 225 60
216 226 29
216 227 45
216 228 42
216 229 41
216 230 68
216 231 47
216 232 60
216 233 51
216 234 62
216 235 15
216 236 20
216 237 69
216 238 72
216 239 12
216 240 56
216 241 65
216 242 40
216 243 15
217 218 6
217 219 70
217 220 26
217 221 45
217 222 29
217 223 12
217 224 43
217 225 62
217 226 16
217 227 51
217 228 50
217 229 23
217 230 50
217 231 8
217 232 48
217 233 19
217 234 1
217 235 12
217 236 61
217 237 52
217 238 38
217 239 26
217 240 35
217 241 68
217 242 49
217 243 42
217 244 14
218 219 27
218 220 15
218 221 25
218 222 64
218 223 12
218 224 53
218 225 4
218 226 54
218 227 33
218 228 1
218 229 18
218 230 45
218 231 65
218 232 29
218 233 59
218 234 58
218 235 1
218 236 19
218 237 61
218 238 45
218 239 31
218 240 10
218 241 57
218 242 72
218 243 43
218 244 44
218 245 50
219 220 71
219 221 52
219 222 41
219 223 2
219 224 35
219 225 37
219 226 41
219 227 71
219 228 20
219 229 10
219 230 50
219 231 55
219 232 56
219 233 20
219 234 19
219 235 3
219 236 9
219 237 57
219 238 57
219 239 58
219 240 28
219 241 56
219 242 5
219 243 13
219 244 26
219 245 29
219 246 47
220 221 56
220 222 49
220 223 22
220 224 49
220 225 26
220 226 24
220 227 11
220 228 9
220 229 53
220 230 66
220 231 70
220 232 17
220 233 21
220 234 36
220 235 40
220 236 38
220 237 64
220 238 5
220 239 33
220 240 55
220 241 57
220 242 35
220 243 23
220 244 15
220 245 57
220 246 62
220 247 60
221 222 55
221 223 68
221 224 70
221 225 5
221 226 22
221 227 56
221 228 10
221 229 25
221 230 72
221 231 32
221 232 8
221 233 75
221 234 22
221 235 8
221 236 39
221 237 57
221 238 52
221 239 42
221 240 40
221 241 9
221 242 67
221 243 45
221 244 6
221 245 21
221 246 23
221 247 27
221 248 42
222 223 43
222 224 8
222 225 64
222 226 29
222 227 49
222 228 24
222 229 52
222 230 39
222 231 4
222 232 19
222 233 73
222 234 40
222 235 67
222 236 12
222 237 72
222 238 23
222 239 37
222 240 10
222 241 59
222 242 73
222 243 10
222 244 22
222 245 26
222 246 70
222 247 56
222 248 16
222 249 62
223 224 2
223 225 35
223 226 3
223 227 61
223 228 54
223 229 28
223 230 65
223 231 71
223 232 27
223 233 59
223 234 63
223 235 7
223 236 12
223 237 31
223 238 15
223 239 41
223 240 42
223 241 46
223 242 48
223 243 45
223 244 11
223 245 3
223 246 31
223 247 51
223 248 52
223 249 72
223 250 11
225 226 15
225 227 10
225 228 7
225 229 66
225 230 13
225 231 66
225 232 69
225 233 65
225 234 51
225 235 57
225 236 6
225 237 52
225 238 21
225 239 39
225 240 60
225 241 7
225 242 55
225 243 24
225 244 61
225 245 46
225 246 58
225 247 66
225 248 20
225 249 49
225 250 69
225 251 8
225 252 35
226 227 42
226 228 31
226 229 74
226 230 58
226 231 58
226 232 36
226 233 21
226 234 73
226 235 49
226 236 19
226 237 6
226 238 5
226 239 38
226 240 61
226 241 38
226 242 39
226 243 53
226 244 7
226 245 44
226 246 32
226 247 34
226 248 70
226 249 75
226 250 16
226 251 16
226 252 58
226 253 49
227 228 60
227 229 51
227 230 14
227 231 72
227 232 20
227 233 27
227 234 24
227 235 34
227 236 56
227 237 31
227 238 51
227 239 49
227 240 2
227 241 66
227 242 28
227 243 70
227 244 69
227 245 70
227 246 45
227 247 30
227 248 26
227 249 41
227 250 11
227 251 51
227 252 26
227 253 19
227 254 8
228 229 64
228 230 66
228 231 33
228 232 53
228 233 74
228 234 5
228 235 55
228 236 57
228 237 12
228 238 27
228 239 38
228 240 59
228 241 31
228 242 34
228 243 16
228 244 40
228 245 29
228 246 11
228 247 12
228 248 1
228 249 27
228 250 45
228 251 3
228 252 62
228 253 75
228 254 75
228 255 40
229 230 28
229 231 19
229 232 61
229 233 27
229 234 39
229 235 28
229 236 31
229 237 63
229 238 45
229 239 48
229 240 4
229 241 2
229 242 69
229 243 62
229 244 23
229 245 34
229 246 9
229 247 43
229 248 22
229 249 3
229 250 41
229 251 43
229 252 46
229 253 4
229 254 55
229 255 19
229 256 4
230 231 4
230 232 39
230 233 75
230 234 66
230 235 3
230 236 75
230 237 22
230 238 34
230 239 56
230 240 64
230 241 19
230 242 68
230 243 71
230 244 27
230 245 35
230 246 42
230 247 67
230 248 12
230 249 16
230 250 2
230 251 12
230 252 48
230 253 21
230 254 61
230 255 5
230 256 27
230 257 8
231 232 16
231 233 66
231 234 16
231 235 55
231 236 38
231 237 18
231 238 24
231 239 3
231 240 75
231 241 64
231 242 38
231 243 25
231 244 19
231 245 48
231 246 27
231 247 72
231 248 34
231 249 75
231 250 3
231 251 57
231 252 24
231 253 21
231 254 38
231 255 17
231 256 65
231 257 24
231 258 61
232 233 18
232 234 18
232 235 26
232 236 10
232 237 24
232 238 19
232 239 59
232 240 38
232 241 37
232 242 24
232 243 39
232 244 37
232 245 42
232 246 50
232 247 69
232 248 51
232 249 40
232 250 74
232 251 45
232 252 8
232 253 33
232 254 39
232 255 40
232 256 74
232 257 61
232 258 15
232 259 3
233 234 45
233 235 59
233 236 33
233 237 25
233 238 1
233 239 38
233 240 15
233 241 44
233 242 42
233 243 53
233 244 31
233 245 66
233 246 32
233 247 35
233 248 22
233 249 51
233 250 3
233 251 60
233 252 73
233 253 19
233 254 11
233 255 26
233 256 28
233 257 45
233 258 34
233 259 55
233 260 59
234 235 1
234 236 3
234 237 46
234 238 58
234 239 12
234 240 45
234 241 53
234 242 14
234 243 57
234 244 57
234 245 3
234 246 9
234 247 70
234 248 20
234 249 36
234 250 29
234 251 68
234 252 63
234 253 53
234 254 69
234 255 22
234 256 61
234 257 31
234 258 36
234 259 44
234 260 5
234 261 19
235 236 14
235 237 42
235 238 48
235 239 5
235 240 15
235 241 25
235 242 4
235 243 56
235 244 35
235 245 64
235 246 30
235 247 27
235 248 8
235 249 47
235 250 57
235 251 43
235 252 66
235 253 3
235 254 35
235 255 40
235 256 2
235 257 4
235 258 30
235 259 8
235 260 55
235 261 26
235 262 28
236 237 56
236 238 9
236 239 28
236 240 71
236 241 6
236 242 25
236 243 32
236 244 38
236 245 46
236 246 40
236 247 6
236 248 41
236 249 70
236 250 40
236 251 32
236 252 65
236 253 41
236 254 53
236 255 62
236 256 26
236 257 43
236 258 36
236 259 2
236 260 73
236 261 61
236 262 32
236 263 48
237 238 2
237 239 64
237 240 47
237 241 1
237 242 68
237 243 32
237 244 38
237 245 67
237 246 24
237 247 60
237 248 20
237 249 32
237 250 64
237 251 58
237 252 20
237 253 4
237 254 25
237 255 2
237 256 45
237 257 14
237 258 38
237 259 5
237 260 1
237 261 15
237 262 74
237 263 8
237 264 15
239 240 47
239 241 74
239 242 31
239 243 14
239 244 66
239 245 43
239 246 1
239 247 50
239 248 1
239 249 71
239 250 64
239 251 39
239 252 5
239 253 75
239 254 48
239 255 70
239 256 47
239 257 48
239 258 61
239 259 48
239 260 25
239 261 19
239 262 69
239 263 66
239 264 31
239 265 68
239 266 55
240 241 54
240 242 42
240 243 21
240 244 4
240 245 6
240 246 37
240 247 2
240 248 50
240 249 63
240 250 14
240 251 9
240 252 46
240 253 73
240 254 70
240 255 1
240 256 37
240 257 25
240 258 19
240 259 37
240 260 52
240 261 8
240 262 65
240 263 70
240 264 55
240 265 16
240 266 65
240 267 10
241 242 4
241 243 58
241 244 45
241 245 23
241 246 20
241 247 5
241 248 73
241 249 4
241 250 12
241 251 71
241 252 69
241 253 31
241 254 27
241 255 34
241 256 64
241 257 12
241 258 35
241 259 49
241 260 41
241 261 25
241 262 26
241 263 60
241 264 44
241 265 5
241 266 62
241 267 39
241 268 69
242 243 30
242 244 29
242 245 74
242 246 42
242 247 19
242 248 5
242 249 11
242 250 59
242 251 70
242 252 44
242 253 44
242 254 74
242 255 57
242 256 58
242 257 38
242 258 6
242 259 29
242 260 23
242 261 51
242 262 23
242 263 63
242 264 64
242 265 9
242 266 75
242 267 20
242 268 47
242 269 40
243 244 67
243 245 34
243 246 5
243 247 40
243 248 69
243 249 30
243 250 67
243 251 29
243 252 74
243 253 10
243 254 63
243 255 48
243 256 12
243 257 50
243 258 58
243 259 17
243 260 9
243 261 44
243 262 28
243 263 66
243 264 53
243 265 6
243 266 31
243 267 9
243 268 48
243 269 58
243 270 9
244 245 65
244 246 10
244 247 27
244 248 34
244 249 69
244 250 74
244 251 45
244 252 57
244 253 14
244 254 59
244 255 12
244 256 13
244 257 57
244 258 60
244 259 20
244 260 66
244 261 13
244 262 71
244 263 65
244 264 16
244 265 28
244 266 32
244 267 60
244 268 65
244 269 44
244 270 41
244 271 53
245 246 12
245 247 61
245 248 7
245 249 62
245 250 65
245 251 10
245 252 58
245 253 71
245 254 22
245 255 27
245 256 18
245 257 73
245 258 44
245 259 47
245 260 31
245 261 27
245 262 42
245 263 19
245 264 7
245 265 24
245 266 33
245 267 13
245 268 37
245 269 70
245 270 2
245 271 17
245 272 9
246 247 34
246 248 52
246 249 11
246 250 57
246 251 9
246 252 30
246 253 5
246 254 31
246 255 25
246 256 58
246 257 5
246 258 55
246 259 27
246 260 31
246 261 62
246 262 22
246 263 62
246 264 19
246 265 59
246 266 15
246 267 38
246 268 64
246 269 34
246 270 58
246 271 32
246 272 34
246 273 64
247 248 66
247 249 20
247 250 21
247 251 56
247 252 66
247 253 42
247 254 4
247 255 70
247 256 23
247 257 66
247 258 72
247 259 61
247 260 61
247 261 27
247 262 35
247 263 64
247 264 74
247 265 23
247 266 22
247 267 30
247 268 3
247 269 35
247 270 43
247 271 66
247 272 71
247 273 15
247 274 65
248 249 63
248 250 11
248 251 57
248 252 1
248 253 46
248 254 69
248 255 39
248 256 7
248 257 62
248 258 53
248 259 2
248 260 4
248 261 74
248 262 26
248 263 52
248 264 17
248 265 21
248 266 29
248 267 63
248 268 42
248 269 7
248 270 28
248 271 7
248 272 75
248 273 45
248 274 47
248 275 41
249 250 36
249 251 22
249 252 19
249 253 30
249 254 39
249 255 40
249 256 49
249 257 60
249 258 3
249 259 67
249 260 24
249 261 48
249 262 73
249 263 28
249 264 33
249 265 29
249 266 73
249 267 38
249 268 20
249 269 71
249 270 1
249 271 75
249 272 29
249 273 67
249 274 32
249 275 39
249 276 64
250 251 63
250 252 72
250 253 21
250 254 65
250 255 20
250 256 51
250 257 23
250 258 58
250 259 74
250 260 42
250 261 28
250 262 36
250 263 43
250 264 30
250 265 59
250 266 39
250 267 2
250 268 72
250 269 21
250 270 62
250 271 17
250 272 70
250 273 54
250 274 19
250 275 43
250 276 24
250 277 8
251 252 4
251 253 50
251 254 51
251 255 21
251 256 14
251 257 39
251 258 59
251 259 38
251 260 26
251 261 43
251 262 49
251 263 56
251 264 12
251 265 43
251 266 67
251 267 43
251 268 31
251 269 25
251 270 29
251 271 7
251 272 45
251 273 38
251 274 56
251 275 5
251 276 30
251 277 41
251 278 7
253 254 14
253 255 56
253 256 39
253 257 56
253 258 71
253 259 35
253 260 7
253 261 11
253 262 55
253 263 60
253 264 13
253 265 4
253 266 69
253 267 63
253 268 23
253 269 14
253 270 40
253 271 28
253 272 29
253 273 45
253 274 67
253 275 44
253 276 65
253 277 46
253 278 49
253 279 70
253 280 58
254 255 5
254 256 5
254 257 68
254 258 35
254 259 48
254 260 9
254 261 74
254 262 65
254 263 26
254 264 15
254 265 47
254 266 41
254 267 21
254 268 53
254 269 34
254 270 2
254 271 26
254 272 69
254 273 51
254 274 1
254 275 20
254 276 38
254 277 32
254 278 31
254 279 56
254 280 31
254 281 53
255 256 59
255 257 58
255 258 40
255 259 26
255 260 46
255 261 28
255 262 27
255 263 49
255 264 42
255 265 22
255 266 33
255 267 9
255 268 34
255 269 39
255 270 59
255 271 69
255 272 19
255 273 35
255 274 6
255 275 20
255 276 68
255 277 71
255 278 1
255 279 44
255 280 50
255 281 6
255 282 61
256 257 24
256 258 13
256 259 50
256 260 67
256 261 36
256 262 30
256 263 33
256 264 22
256 265 57
256 266 2
256 267 43
256 268 66
256 269 17
256 270 26
256 271 54
256 272 17
256 273 47
256 274 18
256 275 13
256 276 10
256 277 34
256 278 32
256 279 15
256 280 59
256 281 41
256 282 42
256 283 3
257 258 36
257 259 17
257 260 42
257 261 44
257 262 23
257 263 14
257 264 33
257 265 30
257 266 7
257 267 45
257 268 67
257 269 1
257 270 2
257 271 53
257 272 2
257 273 74
257 274 36
257 275 45
257 276 43
257 277 61
257 278 27
257 279 21
257 280 70
257 281 42
257 282 13
257 283 20
257 284 22
258 259 38
258 260 27
258 261 9
258 262 20
258 263 62
258 264 6
258 265 54
258 266 67
258 267 14
258 268 8
258 269 41
258 270 8
258 271 65
258 272 3
258 273 38
258 274 23
258 275 14
258 276 5
258 277 66
258 278 70
258 279 55
258 280 48
258 281 63
258 282 17
258 283 65
258 284 14
258 285 54
259 260 29
259 261 2
259 262 17
259 263 63
259 264 66
259 265 66
259 266 54
259 267 34
259 268 67
259 269 53
259 270 73
259 271 52
259 272 34
259 273 42
259 274 41
259 275 1
259 276 75
259 277 60
259 278 2
259 279 32
259 280 37
259 281 16
259 282 70
259 283 7
259 284 15
259 285 28
259 286 41
260 261 36
260 262 21
260 263 41
260 264 71
260 265 69
260 266 2
260 267 59
260 268 15
260 269 46
260 270 22
260 271 1
260 272 70
260 273 28
260 274 7
260 275 71
260 276 54
260 277 19
260 278 5
260 279 34
260 280 6
260 281 67
260 282 53
260 283 26
260 284 26
260 285 59
260 286 41
260 287 1
261 262 10
261 263 33
261 264 66
261 265 70
261 266 34
261 267 50
261 268 69
261 269 45
261 270 28
261 271 75
261 272 40
261 273 65
261 274 1
261 275 51
261 276 49
261 277 8
261 278 23
261 279 42
261 280 17
261 281 8
261 282 24
261 283 13
261 284 38
261 285 59
261 286 22
261 287 61
261 288 47
262 263 52
262 264 47
262 265 53
262 266 75
262 267 64
262 268 20
262 269 16
262 270 67
262 271 26
262 272 29
262 273 52
262 274 10
262 275 23
262 276 56
262 277 48
262 278 8
262 279 12
262 280 63
262 281 6
262 282 53
262 283 39
262 284 31
262 285 50
262 286 43
262 287 75
262 288 52
262 289 71
263 264 58
263 265 64
263 266 24
263 267 5
263 268 42
263 269 55
263 270 39
263 271 1
263 272 17
263 273 42
263 274 58
263 275 57
263 276 16
263 277 34
263 278 72
263 279 57
263 280 17
263 281 74
263 282 2
263 283 24
263 284 21
263 285 49
263 286 18
263 287 12
263 288 34
263 289 70
263 290 2
264 265 55
264 266 8
264 267 63
264 268 26
264 269 71
264 270 33
264 271 37
264 272 48
264 273 28
264 274 27
264 275 65
264 276 34
264 277 64
264 278 27
264 279 52
264 280 27
264 281 50
264 282 72
264 283 70
264 284 14
264 285 43
264 286 27
264 287 67
264 288 1
264 289 73
264 290 19
264 291 74
265 266 45
265 267 22
265 268 30
265 269 10
265 270 29
265 271 4
265 272 45
265 273 24
265 274 64
265 275 14
265 276 71
265 277 11
265 278 4
265 279 3
265 280 31
265 281 4
265 282 7
265 283 29
265 284 29
265 285 44
265 286 49
265 287 54
265 288 65
265 289 32
265 290 53
265 291 52
265 292 42
267 268 49
267 269 73
267 270 32
267 271 2
267 272 55
267 273 40
267 274 37
267 275 22
267 276 34
267 277 34
267 278 52
267 279 27
267 280 51
267 281 61
267 282 46
267 283 41
267 284 58
267 285 23
267 286 47
267 287 66
267 288 61
267 289 9
267 290 70
267 291 61
267 292 64
267 293 62
267 294 58
268 269 56
268 270 46
268 271 70
268 272 51
268 273 15
268 274 11
268 275 59
268 276 8
268 277 5
268 278 49
268 279 45
268 280 30
268 281 6
268 282 45
268 283 34
268 284 34
268 285 67
268 286 73
268 287 31
268 288 14
268 289 70
268 290 62
268 291 18
268 292 12
268 293 66
268 294 41
268 295 41
269 270 54
269 271 73
269 272 55
269 273 3
269 274 61
269 275 10
269 276 17
269 277 23
269 278 1
269 279 74
269 280 51
269 281 75
269 282 72
269 283 56
269 284 23
269 285 30
269 286 68
269 287 46
269 288 2
269 289 15
269 290 71
269 291 35
269 292 5
269 293 65
269 294 21
269 295 50
269 296 69
270 271 12
270 272 46
270 273 10
270 274 58
270 275 4
270 276 59
270 277 59
270 278 49
270 279 45
270 280 72
270 281 45
270 282 50
270 283 31
270 284 50
270 285 35
270 286 7
270 287 21
270 288 40
270 289 59
270 290 38
270 291 61
270 292 8
270 293 70
270 294 20
270 295 74
270 296 51
270 297 28
271 272 5
271 273 64
271 274 44
271 275 70
271 276 56
271 277 64
271 278 63
271 279 5
271 280 54
271 281 1
271 282 68
271 283 54
271 284 73
271 285 21
271 286 52
271 287 50
271 288 67
271 289 72
271 290 62
271 291 63
271 292 15
271 293 24
271 294 36
271 295 55
271 296 27
271 297 40
271 298 3
272 273 62
272 274 51
272 275 13
272 276 53
272 277 70
272 278 38
272 279 26
272 280 32
272 281 63
272 282 36
272 283 74
272 284 2
272 285 52
272 286 44
272 287 41
272 288 18
272 289 52
272 290 68
272 291 52
272 292 63
272 293 55
272 294 8
272 295 29
272 296 55
272 297 8
272 298 16
272 299 28
273 274 10
273 275 21
273 276 7
273 277 53
273 278 64
273 279 43
273 280 47
273 281 49
273 282 11
273 283 27
273 284 52
273 285 45
273 286 50
273 287 37
273 288 54
273 289 14
273 290 50
273 291 9
273 292 53
273 293 56
273 294 50
273 295 75
273 296 11
273 297 28
273 298 31
273 299 53
273 300 42
274 275 36
274 276 37
274 277 26
274 278 33
274 279 39
274 280 1
274 281 15
274 282 35
274 283 6
274 284 40
274 285 29
274 286 56
274 287 15
274 288 44
274 289 31
274 290 71
274 291 35
274 292 42
274 293 51
274 294 51
274 295 75
274 296 22
274 297 37
274 298 55
274 299 61
274 300 42
275 276 69
275 277 62
275 278 35
275 279 22
275 280 72
275 281 19
275 282 24
275 283 8
275 284 43
275 285 37
275 286 22
275 287 56
275 288 9
275 289 75
275 290 68
275 291 14
275 292 47
275 293 12
275 294 50
275 295 24
275 296 1
275 297 71
275 298 5
275 299 7
275 300 10
276 277 5
276 278 3
276 279 2
276 280 56
276 281 45
276 282 65
276 283 5
276 284 25
276 285 55
276 286 41
276 287 41
276 288 13
276 289 43
276 290 52
276 291 32
276 292 30
276 293 63
276 294 62
276 295 4
276 296 3
276 297 71
276 298 73
276 299 63
276 300 58
277 278 16
277 279 31
277 280 9
277 281 35
277 282 42
277 283 48
277 284 10
277 285 44
277 286 15
277 287 37
277 288 19
277 289 53
277 290 51
277 291 28
277 292 11
277 293 9
277 294 62
277 295 42
277 296 42
277 297 74
277 298 29
277 299 29
277 300 4
278 279 18
278 280 47
278 281 1
278 282 6
278 283 25
278 284 25
278 285 74
278 286 61
278 287 24
278 288 13
278 289 21
278 290 27
278 291 3
278 292 7
278 293 16
278 294 11
278 295 62
278 296 51
278 297 63
278 298 34
278 299 46
278 300 16
279 280 34
279 281 5
279 282 6
279 283 59
279 284 49
279 285 49
279 286 2
279 287 15
279 288 45
279 289 3
279 290 54
279 291 41
279 292 36
279 293 62
279 294 31
279 295 19
279 296 27
279 297 22
279 298 74
279 299 39
279 300 57
281 282 67
281 283 24
281 284 38
281 285 5
281 286 7
281 287 33
281 288 40
281 289 2
281 290 43
281 291 53
281 292 65
281 293 54
281 294 16
281 295 42
281 296 3
281 297 40
281 298 37
281 299 11
281 300 31
282 283 4
282 284 16
282 285 56
282 286 59
282 287 19
282 288 12
282 289 57
282 290 16
282 291 75
282 292 35
282 293 67
282 294 43
282 295 17
282 296 33
282 297 22
282 298 68
282 299 16
282 300 53
283 284 56
283 285 68
283 286 19
283 287 16
283 288 25
283 289 54
283 290 30
283 291 26
283 292 67
283 293 74
283 294 30
283 295 57
283 296 56
283 297 25
283 298 62
283 299 6
283 300 60
284 285 21
284 286 67
284 287 43
284 288 72
284 289 1
284 290 45
284 291 23
284 292 54
284 293 38
284 294 10
284 295 29
284 296 12
284 297 67
284 298 29
284 299 63
284 300 69
285 286 41
285 287 21
285 288 45
285 289 29
285 290 44
285 291 35
285 292 7
285 293 65
285 294 39
285 295 56
285 296 44
285 297 52
285 298 29
285 299 74
285 300 72
286 287 28
286 288 23
286 289 68
286 290 29
286 291 52
286 292 46
286 293 30
286 294 58
286 295 30
286 296 17
286 297 25
286 298 36
286 299 46
286 300 49
287 288 3
287 289 25
287 290 50
287 291 68
287 292 41
287 293 58
287 294 62
287 295 15
287 296 27
287 297 26
287 298 10
287 299 28
287 300 50
288 289 50
288 290 3
288 291 4
288 292 56
288 293 29
288 294 57
288 295 5
288 296 21
288 297 4
288 298 71
288 299 42
288 300 21
289 290 73
289 291 49
289 292 50
289 293 26
289 294 49
289 295 3
289 296 27
289 297 23
289 298 56
289 299 71
289 300 74
290 291 41
290 292 13
290 293 15
290 294 30
290 295 5
290 296 54
290 297 66
290 298 16
290 299 25
290 300 63
291 292 52
291 293 67
291 294 71
291 295 45
291 296 19
291 297 18
291 298 72
291 299 25
291 300 5
292 293 16
292 294 12
292 295 29
292 296 1
292 297 59
292 298 62
292 299 57
292 300 70
293 294 34
293 295 65
293 296 56
293 297 20
293 298 66
293 299 40
293 300 74
300
