100 4255
1 2 26
1 3 4
1 4 23
1 5 57
1 6 55
1 7 7
1 8 15
1 9 37
1 10 34
1 11 67
1 12 37
1 13 46
1 14 37
1 15 53
1 16 2
1 17 52
1 18 61
1 19 44
1 20 36
1 21 18
1 22 65
1 23 46
1 24 22
1 25 16
1 26 68
1 27 14
1 28 44
1 29 39
1 30 73
1 31 41
1 32 46
1 33 3
1 34 5
1 35 43
1 36 47
1 37 17
1 38 47
1 39 30
1 40 40
1 41 47
1 42 31
1 43 55
1 44 2
1 45 15
1 46 2
1 47 54
1 48 48
1 49 42
1 50 7
1 51 59
1 52 23
1 53 36
1 54 47
1 55 29
1 56 72
1 57 29
1 58 23
1 59 65
1 60 15
1 61 16
1 62 44
1 63 46
1 64 61
1 65 42
1 66 34
2 3 39
2 4 21
2 5 10
2 6 20
2 7 21
2 8 29
2 9 17
2 10 23
2 11 5
2 12 51
2 13 57
2 14 28
2 15 5
2 16 70
2 17 45
2 18 29
2 19 19
2 20 36
2 21 20
2 22 36
2 23 58
2 24 35
2 25 11
2 26 33
2 27 28
2 28 15
2 29 41
2 30 52
2 31 19
2 32 1
2 33 58
2 34 36
2 35 32
2 36 72
2 37 73
2 38 19
2 39 8
2 40 10
2 41 21
2 42 17
2 43 61
2 44 57
2 45 19
2 46 72
2 47 33
2 48 31
2 49 74
2 50 72
2 51 34
2 52 74
2 53 48
2 54 52
2 55 31
2 56 31
2 57 54
2 58 16
2 59 17
2 60 18
2 61 49
2 62 34
2 63 4
2 64 19
2 65 43
2 66 28
2 67 67
3 4 39
3 5 4
3 6 69
3 7 43
3 8 43
3 9 49
3 10 50
3 11 11
3 12 59
3 13 7
3 14 25
3 15 68
3 16 50
3 17 23
3 18 30
3 19 15
3 20 67
3 21 69
3 22 13
3 23 57
3 24 62
3 25 74
3 26 58
3 27 33
3 28 74
3 29 47
3 30 41
3 31 14
3 32 14
3 33 71
3 34 72
3 35 67
3 36 1
3 37 34
3 38 8
3 39 18
3 40 51
3 41 48
3 42 51
3 43 51
3 44 19
3 45 52
3 46 21
3 47 46
3 48 26
3 49 20
3 50 22
3 51 13
3 52 45
3 53 58
3 54 62
3 55 30
3 56 4
3 57 40
3 58 3
3 59 23
3 60 39
3 61 71
3 62 20
3 63 53
3 64 9
3 65 33
3 66 51
3 67 18
3 68 72
4 5 53
4 6 56
4 7 28
4 8 75
4 9 6
4 10 37
4 11 24
4 12 44
4 13 10
4 14 23
4 15 40
4 16 71
4 17 23
4 18 51
4 19 37
4 20 31
4 21 4
4 22 38
4 23 21
4 24 43
4 25 53
4 26 42
4 27 73
4 28 37
4 29 29
4 30 30
4 31 63
4 32 53
4 33 61
4 34 12
4 35 13
4 36 25
4 37 36
4 38 1
4 39 13
4 40 68
4 41 21
4 42 38
4 43 63
4 44 20
4 45 29
4 46 19
4 47 28
4 48 21
4 49 74
4 50 26
4 51 12
4 52 31
4 53 12
4 54 42
4 55 30
4 56 58
4 57 35
4 58 31
4 59 18
4 60 29
4 61 10
4 62 21
4 63 75
4 64 66
4 65 3
4 66 56
4 67 35
4 68 47
4 69 58
5 6 67
5 7 40
5 8 24
5 9 47
5 10 27
5 11 36
5 12 55
5 13 15
5 14 29
5 15 48
5 16 40
5 17 25
5 18 52
5 19 65
5 20 30
5 21 47
5 22 35
5 23 4
5 24 68
5 25 16
5 26 34
5 27 3
5 28 34
5 29 55
5 30 9
5 31 59
5 32 75
5 33 15
5 34 3
5 35 9
5 36 15
5 37 33
5 38 71
5 39 72
5 40 47
5 41 22
5 42 60
5 43 65
5 44 69
5 45 16
5 46 74
5 47 10
5 48 16
5 49 69
5 50 69
5 51 22
5 52 9
5 53 71
5 54 61
5 55 72
5 56 42
5 57 29
5 58 15
5 59 10
5 60 67
5 61 8
5 62 31
5 63 5
5 64 65
5 65 57
5 66 71
5 67 68
5 68 22
5 69 13
5 70 41
6 7 21
6 8 66
6 9 74
6 10 13
6 11 14
6 12 43
6 13 22
6 14 52
6 15 2
6 16 45
6 17 37
6 18 31
6 19 41
6 20 65
6 21 53
6 22 42
6 23 45
6 24 67
6 25 35
6 26 19
6 27 8
6 28 46
6 29 48
6 30 4
6 31 53
6 32 71
6 33 52
6 34 16
6 35 1
6 36 21
6 37 10
6 38 17
6 39 47
6 40 5
6 41 1
6 42 74
6 43 55
6 44 27
6 45 7
6 46 61
6 47 72
6 48 16
6 49 30
6 50 26
6 51 29
6 52 40
6 53 26
6 54 31
6 55 64
6 56 35
6 57 44
6 58 6
6 59 58
6 60 47
6 61 20
6 62 5
6 63 10
6 64 25
6 65 30
6 66 13
6 67 51
6 68 7
6 69 57
6 70 23
6 71 72
7 8 2
7 9 30
7 10 41
7 11 18
7 12 17
7 13 16
7 14 19
7 15 34
7 16 74
7 17 15
7 18 56
7 19 65
7 20 62
7 21 35
7 22 3
7 23 75
7 24 6
7 25 43
7 26 13
7 27 39
7 28 54
7 29 6
7 30 7
7 31 1
7 32 11
7 33 59
7 34 49
7 35 18
7 36 64
7 37 69
7 38 69
7 39 67
7 40 65
7 41 56
7 42 72
7 43 67
7 44 27
7 45 66
7 46 2
7 47 1
7 48 18
7 49 28
7 50 28
7 51 67
7 52 49
7 53 58
7 54 12
7 55 18
7 56 18
7 57 35
7 58 12
7 59 16
7 60 35
7 61 31
7 62 26
7 63 72
7 64 37
7 65 27
7 66 52
7 67 69
7 68 50
7 69 49
7 70 73
7 71 30
7 72 15
8 9 43
8 10 64
8 11 25
8 12 42
8 13 14
8 14 29
8 15 19
8 16 7
8 17 6
8 18 48
8 19 21
8 20 10
8 21 29
8 22 8
8 23 68
8 24 36
8 25 1
8 26 15
8 27 22
8 28 57
8 29 45
8 30 28
8 31 50
8 32 31
8 33 53
8 34 68
8 35 60
8 36 35
8 37 59
8 38 69
8 39 2
8 40 68
8 41 68
8 42 51
8 43 11
8 44 71
8 45 16
8 46 54
8 47 67
8 48 22
8 49 39
8 50 48
8 51 75
8 52 29
8 53 33
8 54 48
8 55 70
8 56 72
8 57 46
8 58 8
8 59 23
8 60 74
8 61 49
8 62 64
8 63 9
8 64 43
8 65 7
8 66 9
8 67 39
8 68 47
8 69 33
8 70 52
8 71 33
8 72 44
8 73 55
9 10 15
9 11 68
9 12 68
9 13 5
9 14 43
9 15 54
9 16 58
9 17 24
9 18 6
9 19 37
9 20 1
9 21 63
9 22 59
9 23 46
9 24 40
9 25 75
9 26 44
9 27 14
9 28 70
9 29 43
9 30 37
9 31 59
9 32 51
9 33 44
9 34 44
9 35 24
9 36 51
9 37 2
9 38 33
9 39 37
9 40 1
9 41 36
9 42 46
9 43 36
9 44 68
9 45 47
9 46 72
9 47 50
9 48 31
9 49 13
9 50 35
9 51 59
9 52 45
9 53 59
9 54 56
9 55 17
9 56 37
9 57 71
9 58 43
9 59 53
9 60 32
9 61 71
9 62 59
9 63 15
9 64 7
9 65 29
9 66 11
9 67 63
9 68 73
9 69 47
9 70 13
9 71 28
9 72 35
9 73 34
9 74 57
10 11 57
10 12 6
10 13 24
10 14 64
10 15 70
10 16 1
10 17 30
10 18 64
10 19 43
10 20 32
10 21 69
10 22 33
10 23 21
10 24 51
10 25 32
10 26 12
10 27 37
10 28 58
10 29 61
10 30 71
10 31 4
10 32 50
10 33 1
10 34 59
10 35 56
10 36 59
10 37 62
10 38 23
10 39 64
10 40 8
10 41 18
10 42 21
10 43 68
10 44 54
10 45 5
10 46 34
10 47 53
10 48 21
10 49 4
10 50 48
10 51 28
10 52 72
10 53 23
10 54 10
10 55 7
10 56 14
10 57 9
10 58 33
10 59 35
10 60 13
10 61 16
10 62 67
10 63 18
10 64 30
10 65 21
10 66 65
10 67 68
10 68 58
10 69 38
10 70 63
10 71 1
10 72 50
10 73 47
10 74 51
10 75 7
11 12 33
11 13 57
11 14 61
11 15 37
11 16 21
11 17 37
11 18 53
11 19 34
11 20 52
11 21 11
11 22 21
11 23 29
11 24 8
11 25 37
11 26 55
11 27 21
11 28 60
11 29 20
11 30 68
11 31 22
11 32 48
11 33 56
11 34 54
11 35 36
11 36 30
11 37 14
11 38 64
11 39 30
11 40 73
11 41 44
11 42 26
11 43 4
11 44 46
11 45 30
11 46 26
11 47 23
11 48 28
11 49 67
11 50 35
11 51 29
11 52 54
11 53 60
11 54 4
11 55 10
11 56 46
11 57 57
11 58 12
11 59 22
11 60 5
11 61 41
11 62 60
11 63 46
11 64 22
11 65 71
11 66 26
11 67 73
11 68 5
11 69 37
11 70 44
11 71 62
11 72 66
11 73 55
11 74 33
11 75 46
11 76 12
12 13 11
12 14 72
12 15 1
12 16 31
12 17 27
12 18 2
12 19 66
12 20 21
12 21 49
12 22 46
12 23 57
12 24 29
12 25 26
12 26 4
12 27 33
12 28 56
12 29 73
12 30 6
12 31 72
12 32 73
12 33 17
12 34 67
12 35 10
12 36 37
12 37 67
12 38 24
12 39 9
12 40 15
12 41 22
12 42 53
12 43 67
12 44 66
12 45 22
12 46 27
12 47 23
12 48 58
12 49 19
12 50 19
12 51 26
12 52 24
12 53 57
12 54 46
12 55 25
12 56 10
12 57 53
12 58 40
12 59 37
12 60 50
12 61 7
12 62 16
12 63 74
12 64 16
12 65 1
12 66 46
12 67 33
12 68 14
12 69 52
12 70 47
12 71 12
12 72 63
12 73 66
12 74 17
12 75 28
12 76 61
12 77 56
13 14 28
13 15 64
13 16 50
13 17 75
13 18 64
13 19 61
13 20 62
13 21 75
13 22 23
13 23 15
13 24 40
13 25 24
13 26 18
13 27 6
13 28 10
13 29 52
13 30 15
13 31 48
13 32 57
13 33 55
13 34 24
13 35 23
13 36 15
13 37 63
13 38 72
13 39 52
13 40 52
13 41 62
13 42 67
13 43 59
13 44 51
13 45 29
13 46 18
13 47 59
13 48 48
13 49 4
13 50 34
13 51 17
13 52 59
13 53 45
13 54 43
13 55 11
13 56 8
13 57 70
13 58 50
13 59 5
13 60 71
13 61 40
13 62 2
13 63 46
13 64 70
13 65 4
13 66 62
13 67 23
13 68 16
13 69 33
13 70 18
13 71 10
13 72 35
13 73 38
13 74 12
13 75 22
13 76 69
13 77 3
13 78 40
14 15 28
14 16 32
14 17 1
14 18 6
14 19 54
14 20 12
14 21 63
14 22 27
14 23 33
14 24 28
14 25 73
14 26 36
14 27 34
14 28 16
14 29 3
14 30 14
14 31 63
14 32 36
14 33 1
14 34 4
14 35 31
14 36 44
14 37 64
14 38 32
14 39 51
14 40 50
14 41 43
14 42 43
14 43 53
14 44 32
14 45 67
14 46 17
14 47 10
14 48 73
14 49 8
14 50 22
14 51 66
14 52 73
14 53 21
14 54 3
14 55 36
14 56 71
14 57 13
14 58 69
14 59 36
14 60 40
14 61 28
14 62 48
14 63 26
14 64 66
14 65 49
14 66 32
14 67 36
14 68 56
14 69 58
14 70 49
14 71 37
14 72 48
14 73 8
14 74 15
14 75 20
14 76 1
14 77 16
14 78 7
14 79 29
15 16 61
15 17 21
15 18 21
15 19 49
15 20 69
15 21 42
15 22 21
15 23 46
15 24 43
15 25 26
15 26 65
15 27 31
15 28 43
15 29 30
15 30 3
15 31 2
15 32 74
15 33 4
15 34 64
15 35 4
15 36 39
15 37 10
15 38 24
15 39 64
15 40 16
15 41 49
15 42 29
15 43 57
15 44 57
15 45 8
15 46 36
15 47 50
15 48 65
15 49 40
15 50 68
15 51 30
15 52 2
15 53 57
15 54 13
15 55 17
15 56 48
15 57 64
15 58 26
15 59 65
15 60 50
15 61 74
15 62 62
15 63 67
15 64 34
15 65 11
15 66 58
15 67 66
15 68 30
15 69 44
15 70 10
15 71 4
15 72 24
15 73 14
15 74 21
15 75 20
15 76 31
15 77 50
15 78 45
15 79 32
15 80 5
16 17 57
16 18 5
16 19 4
16 20 24
16 21 67
16 22 11
16 23 32
16 24 5
16 25 19
16 26 2
16 27 43
16 28 26
16 29 21
16 30 40
16 31 41
16 32 48
16 33 63
16 34 11
16 35 15
16 36 9
16 37 61
16 38 70
16 39 17
16 40 69
16 41 3
16 42 22
16 43 30
16 44 55
16 45 6
16 46 46
16 47 40
16 48 68
16 49 36
16 50 11
16 51 24
16 52 34
16 53 30
16 54 70
16 55 30
16 56 68
16 57 67
16 58 67
16 59 59
16 60 75
16 61 43
16 62 41
16 63 58
16 64 53
16 65 28
16 66 54
16 67 68
16 68 54
16 69 66
16 70 9
16 71 12
16 72 68
16 73 3
16 74 63
16 75 25
16 76 48
16 77 38
16 78 37
16 79 34
16 80 40
16 81 63
17 18 28
17 19 56
17 20 69
17 21 56
17 22 10
17 23 54
17 24 66
17 25 42
17 26 56
17 27 1
17 28 34
17 29 68
17 30 41
17 31 11
17 32 18
17 33 30
17 34 6
17 35 72
17 36 27
17 37 29
17 38 21
17 39 70
17 40 12
17 41 71
17 42 45
17 43 33
17 44 15
17 45 3
17 46 20
17 47 61
17 48 62
17 49 24
17 50 16
17 51 44
17 52 72
17 53 62
17 54 47
17 55 49
17 56 46
17 57 23
17 58 14
17 59 11
17 60 31
17 61 3
17 62 43
17 63 33
17 64 10
17 65 36
17 66 65
17 67 37
17 68 67
17 69 44
17 70 42
17 71 56
17 72 29
17 73 37
17 74 38
17 75 28
17 76 43
17 77 32
17 78 48
17 79 39
17 80 41
17 81 49
17 82 41
18 19 61
18 20 19
18 21 3
18 22 29
18 23 24
18 24 22
18 25 23
18 26 21
18 27 11
18 28 18
18 29 23
18 30 72
18 31 52
18 32 63
18 33 22
18 34 42
18 35 34
18 36 11
18 37 18
18 38 4
18 39 61
18 40 24
18 41 58
18 42 28
18 43 51
18 44 70
18 45 59
18 46 34
18 47 8
18 48 38
18 49 34
18 50 8
18 51 49
18 52 58
18 53 24
18 54 26
18 55 56
18 56 19
18 57 50
18 58 20
18 59 42
18 60 28
18 61 51
18 62 33
18 63 41
18 64 62
18 65 68
18 66 15
18 67 25
18 68 31
18 69 2
18 70 41
18 71 63
18 72 25
18 73 11
18 74 72
18 75 13
18 76 27
18 77 64
18 78 20
18 79 47
18 80 19
18 81 44
18 82 24
18 83 55
19 20 18
19 21 24
19 22 46
19 23 23
19 24 69
19 25 20
19 26 33
19 27 31
19 28 63
19 29 72
19 30 41
19 31 21
19 32 20
19 33 47
19 34 48
19 35 53
19 36 75
19 37 56
19 38 49
19 39 59
19 40 43
19 41 67
19 42 68
19 43 24
19 44 49
19 45 18
19 46 38
19 47 55
19 48 65
19 49 23
19 50 69
19 51 37
19 52 61
19 53 29
19 54 25
19 55 47
19 56 27
19 57 9
19 58 64
19 59 36
19 60 5
19 61 18
19 62 30
19 63 64
19 64 25
19 65 28
19 66 19
19 67 37
19 68 27
19 69 5
19 70 24
19 71 27
19 72 35
19 73 10
19 74 41
19 75 20
19 76 25
19 77 70
19 78 67
19 79 56
19 80 45
19 81 33
19 82 15
19 83 52
19 84 26
20 21 10
20 22 40
20 23 56
20 24 46
20 25 3
20 26 7
20 27 26
20 28 58
20 29 21
20 30 36
20 31 59
20 32 23
20 33 64
20 34 43
20 35 6
20 36 60
20 37 63
20 38 46
20 39 23
20 40 36
20 41 46
20 42 1
20 43 54
20 44 43
20 45 24
20 46 65
20 47 41
20 48 57
20 49 1
20 50 38
20 51 69
20 52 64
20 53 17
20 54 45
20 55 59
20 56 2
20 57 71
20 58 41
20 59 6
20 60 3
20 61 21
20 62 68
20 63 43
20 64 47
20 65 17
20 66 24
20 67 13
20 68 27
20 69 57
20 70 1
20 71 40
20 72 64
20 73 48
20 74 66
20 75 54
20 76 33
20 77 3
20 78 32
20 79 37
20 80 68
20 81 9
20 82 38
20 83 13
20 84 6
20 85 52
21 22 66
21 23 6
21 24 5
21 25 70
21 26 51
21 27 67
21 28 11
21 29 25
21 30 18
21 31 55
21 32 14
21 33 33
21 34 62
21 35 34
21 36 15
21 37 14
21 38 58
21 39 17
21 40 3
21 41 11
21 42 53
21 43 8
21 44 75
21 45 74
21 46 3
21 47 51
21 48 36
21 49 33
21 50 3
21 51 57
21 52 75
21 53 57
21 54 17
21 55 9
21 56 31
21 57 15
21 58 36
21 59 19
21 60 68
21 61 47
21 62 50
21 63 19
21 64 57
21 65 29
21 66 54
21 67 59
21 68 21
21 69 73
21 70 58
21 71 48
21 72 14
21 73 34
21 74 44
21 75 46
21 76 56
21 77 44
21 78 35
21 79 46
21 80 74
21 81 15
21 82 14
21 83 50
21 84 31
21 85 3
21 86 15
22 23 67
22 24 13
22 25 21
22 26 50
22 27 44
22 28 19
22 29 48
22 30 75
22 31 73
22 32 57
22 33 11
22 34 5
22 35 45
22 36 50
22 37 3
22 38 44
22 39 33
22 40 46
22 41 16
22 42 31
22 43 48
22 44 55
22 45 9
22 46 35
22 47 68
22 48 27
22 49 67
22 50 49
22 51 55
22 52 70
22 53 71
22 54 69
22 55 39
22 56 53
22 57 18
22 58 41
22 59 21
22 60 73
22 61 40
22 62 17
22 63 27
22 64 63
22 65 69
22 66 47
22 67 56
22 68 45
22 69 55
22 70 6
22 71 35
22 72 36
22 73 42
22 74 65
22 75 20
22 76 56
22 77 26
22 78 3
22 79 13
22 80 70
22 81 1
22 82 27
22 83 10
22 84 72
22 85 16
22 86 44
22 87 35
23 24 61
23 25 64
23 26 61
23 27 56
23 28 62
23 29 45
23 30 56
23 31 17
23 32 21
23 33 29
23 34 74
23 35 73
23 36 59
23 37 50
23 38 24
23 39 46
23 40 9
23 41 7
23 42 13
23 43 44
23 44 67
23 45 52
23 46 75
23 47 42
23 48 58
23 49 33
23 50 40
23 51 25
23 52 8
23 53 37
23 54 49
23 55 37
23 56 57
23 57 6
23 58 7
23 59 43
23 60 20
23 61 4
23 62 31
23 63 70
23 64 41
23 65 47
23 66 38
23 67 62
23 68 22
23 69 37
23 70 11
23 71 22
23 72 37
23 73 67
23 74 50
23 75 64
23 76 2
23 77 63
23 78 28
23 79 52
23 80 41
23 81 8
23 82 11
23 83 48
23 84 10
23 85 42
23 86 7
23 87 13
23 88 64
24 25 64
24 26 24
24 27 43
24 28 73
24 29 59
24 30 39
24 31 15
24 32 11
24 33 32
24 34 12
24 35 57
24 36 4
24 37 62
24 38 70
24 39 39
24 40 45
24 41 41
24 42 10
24 43 35
24 44 27
24 45 65
24 46 28
24 47 3
24 48 56
24 49 55
24 50 20
24 51 37
24 52 35
24 53 39
24 54 44
24 55 2
24 56 52
24 57 26
24 58 50
24 59 50
24 60 10
24 61 74
24 62 69
24 63 2
24 64 68
24 65 8
24 66 6
24 67 75
24 68 61
24 69 60
24 70 67
24 71 2
24 72 36
24 73 26
24 74 27
24 75 11
24 76 52
24 77 38
24 78 54
24 79 19
24 80 43
24 81 74
24 82 39
24 83 44
24 84 10
24 85 5
24 86 46
24 87 49
24 88 4
24 89 58
25 26 13
25 27 39
25 28 53
25 29 68
25 30 14
25 31 33
25 32 42
25 33 28
25 34 54
25 35 25
25 36 67
25 37 60
25 38 24
25 39 64
25 40 69
25 41 27
25 42 38
25 43 29
25 44 49
25 45 16
25 46 43
25 47 7
25 48 73
25 49 37
25 50 5
25 51 38
25 52 15
25 53 74
25 54 72
25 55 71
25 56 69
25 57 5
25 58 16
25 59 50
25 60 44
25 61 41
25 62 67
25 63 57
25 64 21
25 65 1
25 66 32
25 67 70
25 68 8
25 69 41
25 70 40
25 71 60
25 72 15
25 73 64
25 74 61
25 75 36
25 76 46
25 77 37
25 78 55
25 79 67
25 80 48
25 81 65
25 82 34
25 83 66
25 84 33
25 85 46
25 86 20
25 87 70
25 88 30
25 89 47
25 90 58
26 27 52
26 28 57
26 29 69
26 30 69
26 31 64
26 32 44
26 33 39
26 34 10
26 35 19
26 36 36
26 37 36
26 38 18
26 39 61
26 40 55
26 41 6
26 42 17
26 43 74
26 44 67
26 45 22
26 46 24
26 47 64
26 48 25
26 49 28
26 50 27
26 51 37
26 52 25
26 53 63
26 54 43
26 55 71
26 56 17
26 57 24
26 58 21
26 59 47
26 60 34
26 61 26
26 62 57
26 63 28
26 64 47
26 65 60
26 66 44
26 67 49
26 68 24
26 69 26
26 70 63
26 71 24
26 72 59
26 73 55
26 74 67
26 75 49
26 76 66
26 77 29
26 78 17
26 79 59
26 80 62
26 81 33
26 82 75
26 83 29
26 84 25
26 85 34
26 86 34
26 87 45
26 88 40
26 89 50
26 90 62
26 91 2
27 28 53
27 29 3
27 30 36
27 31 9
27 32 6
27 33 28
27 34 61
27 35 59
27 36 21
27 37 71
27 38 66
27 39 31
27 40 61
27 41 70
27 42 54
27 43 28
27 44 68
27 45 57
27 46 58
27 47 46
27 48 21
27 49 28
27 50 35
27 51 63
27 52 19
27 53 68
27 54 53
27 55 75
27 56 28
27 57 33
27 58 44
27 59 51
27 60 46
27 61 41
27 62 62
27 63 70
27 64 36
27 65 30
27 66 47
27 67 18
27 68 67
27 69 66
27 70 18
27 71 69
27 72 50
27 73 18
27 74 60
27 75 36
27 76 28
27 77 74
27 78 58
27 79 11
27 80 65
27 81 9
27 82 52
27 83 25
27 84 24
27 85 55
27 86 35
27 87 54
27 88 56
27 89 73
27 90 67
27 91 25
27 92 5
28 29 42
28 30 59
28 31 38
28 32 2
28 33 30
28 34 42
28 35 6
28 36 32
28 37 60
28 38 46
28 39 3
28 40 34
28 41 13
28 42 26
28 43 55
28 44 16
28 45 60
28 46 16
28 47 23
28 48 65
28 49 6
28 50 22
28 51 5
28 52 8
28 53 55
28 54 14
28 55 55
28 56 21
28 57 16
28 58 34
28 59 11
28 60 8
28 61 48
28 62 68
28 63 48
28 64 23
28 65 32
28 66 59
28 67 11
28 68 57
28 69 71
28 70 57
28 71 11
28 72 43
28 73 20
28 74 33
28 75 32
28 76 25
28 77 32
28 78 47
28 79 71
28 80 51
28 81 17
28 82 49
28 83 28
28 84 41
28 85 14
28 86 65
28 87 36
28 88 56
28 89 75
28 90 64
28 91 63
28 92 60
28 93 42
29 30 42
29 31 68
29 32 61
29 33 51
29 34 60
29 35 53
29 36 21
29 37 25
29 38 23
29 39 40
29 40 66
29 41 5
29 42 49
29 43 60
29 44 48
29 45 60
29 46 33
29 47 33
29 48 63
29 49 19
29 50 3
29 51 48
29 52 20
29 53 33
29 54 7
29 55 29
29 56 63
29 57 7
29 58 48
29 59 38
29 60 15
29 61 15
29 62 63
29 63 22
29 64 10
29 65 30
29 66 12
29 67 71
29 68 8
29 69 40
29 70 58
29 71 10
29 72 56
29 73 14
29 74 24
29 75 44
29 76 32
29 77 16
29 78 53
29 79 71
29 80 45
29 81 69
29 82 5
29 83 45
29 84 44
29 85 53
29 86 63
29 87 47
29 88 24
29 89 50
29 90 63
29 91 62
29 92 38
29 93 7
29 94 58
30 31 50
30 32 38
30 33 21
30 34 60
30 35 16
30 36 68
30 37 69
30 38 13
30 39 18
30 40 31
30 41 50
30 42 4
30 43 33
30 44 40
30 45 1
30 46 57
30 47 75
30 48 6
30 49 69
30 50 47
30 51 68
30 52 70
30 53 59
30 54 61
30 55 35
30 56 10
30 57 27
30 58 57
30 59 10
30 60 59
30 61 54
30 62 20
30 63 56
30 64 70
30 65 5
30 66 48
30 67 65
30 68 6
30 69 40
30 70 31
30 71 54
30 72 64
30 73 23
30 74 13
30 75 7
30 76 61
30 77 55
30 78 53
30 79 17
30 80 34
30 81 43
30 82 61
30 83 48
30 84 70
30 85 68
30 86 66
30 87 62
30 88 24
30 89 21
30 90 3
30 91 18
30 92 73
30 93 2
30 94 31
30 95 47
31 32 33
31 33 8
31 34 2
31 35 5
31 36 2
31 37 75
31 38 14
31 39 12
31 40 63
31 41 71
31 42 58
31 43 18
31 44 58
31 45 41
31 46 24
31 47 17
31 48 19
31 49 2
31 50 36
31 51 74
31 52 40
31 53 58
31 54 25
31 55 56
31 56 37
31 57 24
31 58 32
31 59 73
31 60 46
31 61 31
31 62 29
31 63 58
31 64 45
31 65 3
31 66 50
31 67 54
31 68 37
31 69 25
31 70 62
31 71 19
31 72 25
31 73 5
31 74 19
31 75 51
31 76 19
31 77 10
31 78 55
31 79 30
31 80 56
31 81 49
31 82 68
31 83 55
31 84 31
31 85 5
31 86 62
31 87 12
31 88 20
31 89 62
31 90 34
31 91 30
31 92 40
31 93 68
31 94 26
31 95 45
31 96 29
32 33 16
32 34 73
32 35 71
32 36 71
32 37 71
32 38 35
32 39 13
32 40 19
32 41 56
32 42 43
32 43 45
32 44 52
32 45 39
32 46 5
32 47 22
32 48 61
32 49 65
32 50 31
32 51 12
32 52 34
32 53 38
32 54 42
32 55 73
32 56 43
32 57 46
32 58 9
32 59 36
32 60 18
32 61 71
32 62 14
32 63 44
32 64 37
32 65 2
32 66 63
32 67 50
32 68 72
32 69 25
32 70 45
32 71 9
32 72 69
32 73 53
32 74 8
32 75 22
32 76 34
32 77 19
32 78 27
32 79 10
32 80 24
32 81 62
32 82 75
32 83 50
32 84 37
32 85 74
32 86 54
32 87 37
32 88 66
32 89 58
32 90 30
32 91 51
32 92 75
32 93 63
32 94 29
32 95 55
32 96 53
32 97 47
34 35 24
34 36 6
34 37 58
34 38 55
34 39 44
34 40 7
34 41 4
34 42 63
34 43 4
34 44 20
34 45 59
34 46 41
34 47 16
34 48 8
34 49 74
34 50 42
34 51 13
34 52 31
34 53 50
34 54 60
34 55 29
34 56 16
34 57 41
34 58 15
34 59 29
34 60 65
34 61 35
34 62 20
34 63 26
34 64 46
34 65 23
34 66 27
34 67 5
34 68 3
34 69 8
34 70 56
34 71 40
34 72 12
34 73 23
34 74 3
34 75 11
34 76 40
34 77 70
34 78 59
34 79 45
34 80 27
34 81 72
34 82 75
34 83 49
34 84 64
34 85 38
34 86 29
34 87 75
34 88 23
34 89 67
34 90 16
34 91 38
34 92 3
34 93 28
34 94 24
34 95 21
34 96 52
34 97 6
34 98 51
34 99 2
35 36 73
35 37 6
35 38 21
35 39 17
35 40 31
35 41 6
35 42 10
35 43 21
35 44 29
35 45 27
35 46 20
35 47 22
35 48 57
35 49 15
35 50 20
35 51 40
35 52 44
35 53 50
35 54 6
35 55 16
35 56 57
35 57 44
35 58 2
35 59 27
35 60 59
35 61 43
35 62 36
35 63 35
35 64 63
35 65 73
35 66 9
35 67 59
35 68 68
35 69 33
35 70 28
35 71 62
35 72 59
35 73 55
35 74 22
35 75 65
35 76 24
35 77 15
35 78 20
35 79 16
35 80 4
35 81 62
35 82 42
35 83 28
35 84 4
35 85 30
35 86 66
35 87 32
35 88 51
35 89 31
35 90 13
35 91 74
35 92 16
35 93 44
35 94 29
35 95 69
35 96 35
35 97 56
35 98 26
35 99 17
35 100 75
36 37 14
36 38 31
36 39 67
36 40 54
36 41 68
36 42 3
36 43 19
36 44 22
36 45 26
36 46 36
36 47 73
36 48 49
36 49 61
36 50 26
36 51 52
36 52 25
36 53 26
36 54 15
36 55 38
36 56 58
36 57 17
36 58 49
36 59 54
36 60 24
36 61 64
36 62 48
36 63 57
36 64 24
36 65 46
36 66 30
36 67 57
36 68 44
36 69 11
36 70 27
36 71 36
36 72 50
36 73 56
36 74 54
36 75 59
36 76 6
36 77 65
36 78 11
36 79 68
36 80 19
36 81 72
36 82 50
36 83 47
36 84 42
36 85 72
36 86 38
36 87 18
36 88 47
36 89 41
36 90 51
36 91 59
36 92 44
36 93 14
36 94 34
36 95 73
36 96 8
36 97 54
36 98 54
36 99 28
36 100 54
37 38 70
37 39 10
37 40 18
37 41 60
37 42 1
37 43 53
37 44 34
37 45 62
37 46 22
37 47 39
37 48 1
37 49 1
37 50 29
37 51 43
37 52 3
37 53 46
37 54 48
37 55 35
37 56 44
37 57 1
37 58 13
37 59 8
37 60 24
37 61 49
37 62 5
37 63 32
37 64 31
37 65 23
37 66 39
37 67 42
37 68 46
37 69 19
37 70 47
37 71 69
37 72 24
37 73 66
37 74 54
37 75 26
37 76 28
37 77 36
37 78 39
37 79 37
37 80 73
37 81 64
37 82 3
37 83 40
37 84 6
37 85 40
37 86 43
37 87 29
37 88 23
37 89 73
37 90 16
37 91 63
37 92 73
37 93 14
37 94 47
37 95 67
37 96 50
37 97 45
37 98 44
37 99 11
37 100 2
38 39 7
38 40 17
38 41 51
38 42 51
38 43 50
38 44 29
38 45 4
38 46 60
38 47 16
38 48 8
38 49 7
38 50 43
38 51 61
38 52 66
38 53 14
38 54 29
38 55 65
38 56 56
38 57 39
38 58 38
38 59 41
38 60 66
38 61 59
38 62 24
38 63 63
38 64 38
38 65 46
38 66 52
38 67 12
38 68 37
38 69 51
38 70 22
38 71 66
38 72 26
38 73 39
38 74 25
38 75 25
38 76 59
38 77 67
38 78 7
38 79 63
38 80 64
38 81 20
38 82 37
38 83 67
38 84 41
38 85 19
38 86 2
38 87 57
38 88 44
38 89 25
38 90 65
38 91 47
38 92 6
38 93 71
38 94 17
38 95 4
38 96 42
38 97 17
38 98 65
38 99 68
38 100 58
39 40 62
39 41 64
39 42 9
39 43 10
39 44 19
39 45 57
39 46 40
39 47 36
39 48 39
39 49 73
39 50 26
39 51 69
39 52 10
39 53 49
39 54 70
39 55 68
39 56 33
39 57 34
39 58 41
39 59 36
39 60 18
39 61 4
39 62 19
39 63 21
39 64 37
39 65 75
39 66 62
39 67 37
39 68 36
39 69 5
39 70 55
39 71 43
39 72 52
39 73 32
39 74 64
39 75 55
39 76 23
39 77 8
39 78 75
39 79 22
39 80 10
39 81 28
39 82 67
39 83 52
39 84 53
39 85 71
39 86 48
39 87 68
39 88 47
39 89 56
39 90 49
39 91 45
39 92 47
39 93 75
39 94 39
39 95 25
39 96 39
39 97 36
39 98 39
39 99 22
39 100 10
40 41 60
40 42 40
40 43 71
40 44 44
40 45 36
40 46 34
40 47 11
40 48 7
40 49 69
40 50 3
40 51 8
40 52 44
40 53 19
40 54 26
40 55 10
40 56 55
40 57 65
40 58 22
40 59 13
40 60 59
40 61 1
40 62 10
40 63 66
40 64 7
40 65 59
40 66 46
40 67 27
40 68 49
40 69 37
40 70 67
40 71 33
40 72 15
40 73 27
40 74 24
40 75 25
40 76 6
40 77 37
40 78 66
40 79 26
40 80 55
40 81 45
40 82 36
40 83 11
40 84 4
40 85 17
40 86 7
40 87 12
40 88 44
40 89 65
40 90 34
40 91 60
40 92 10
40 93 36
40 94 64
40 95 47
40 96 64
40 97 61
40 98 30
40 99 12
40 100 20
41 42 18
41 43 47
41 44 56
41 45 68
41 46 17
41 47 67
41 48 14
41 49 3
41 50 27
41 51 10
41 52 16
41 53 26
41 54 2
41 55 39
41 56 10
41 57 23
41 58 2
41 59 12
41 60 59
41 61 7
41 62 64
41 63 6
41 64 27
41 65 30
41 66 34
41 67 2
41 68 5
41 69 29
41 70 22
41 71 38
41 72 16
41 73 69
41 74 39
41 75 65
41 76 14
41 77 39
41 78 22
41 79 38
41 80 65
41 81 32
41 82 72
41 83 26
41 84 41
41 85 63
41 86 45
41 87 69
41 88 34
41 89 46
41 90 58
41 91 68
41 92 42
41 93 46
41 94 56
41 95 25
41 96 62
41 97 52
41 98 24
41 99 4
41 100 6
42 43 29
42 44 46
42 45 71
42 46 39
42 47 54
42 48 28
42 49 19
42 50 5
42 51 40
42 52 50
42 53 72
42 54 19
42 55 29
42 56 74
42 57 68
42 58 59
42 59 30
42 60 9
42 61 57
42 62 23
42 63 51
42 64 63
42 65 29
42 66 23
42 67 10
42 68 73
42 69 36
42 70 43
42 71 62
42 72 54
42 73 24
42 74 26
42 75 27
42 76 42
42 77 53
42 78 17
42 79 24
42 80 25
42 81 9
42 82 57
42 83 65
42 84 14
42 85 48
42 86 46
42 87 45
42 88 5
42 89 70
42 90 72
42 91 31
42 92 22
42 93 36
42 94 63
42 95 53
42 96 57
42 97 69
42 98 15
42 99 19
42 100 25
43 44 16
43 45 63
43 46 23
43 47 16
43 48 16
43 49 7
43 50 35
43 51 73
43 52 45
43 53 65
43 54 3
43 55 4
43 56 72
43 57 5
43 58 11
43 59 35
43 60 50
43 61 4
43 62 31
43 63 30
43 64 73
43 65 35
43 66 64
43 67 22
43 68 58
43 69 75
43 70 73
43 71 47
43 72 47
43 73 18
43 74 66
43 75 58
43 76 60
43 77 41
43 78 9
43 79 6
43 80 28
43 81 28
43 82 66
43 83 56
43 84 57
43 85 67
43 86 50
43 87 21
43 88 16
43 89 68
43 90 63
43 91 75
43 92 44
43 93 45
43 94 19
43 95 8
43 96 19
43 97 50
43 98 59
43 99 52
43 100 16
44 45 38
44 46 12
44 47 64
44 48 6
44 49 38
44 50 59
44 51 27
44 52 50
44 53 74
44 54 48
44 55 49
44 56 61
44 57 73
44 58 1
44 59 16
44 60 61
44 61 61
44 62 71
44 63 72
44 64 32
44 65 27
44 66 55
44 67 10
44 68 62
44 69 3
44 70 64
44 71 42
44 72 4
44 73 32
44 74 31
44 75 57
44 76 18
44 77 61
44 78 34
44 79 38
44 80 9
44 81 54
44 82 8
44 83 42
44 84 10
44 85 71
44 86 67
44 87 59
44 88 14
44 89 28
44 90 46
44 91 45
44 92 6
44 93 60
44 94 26
44 95 58
44 96 55
44 97 48
44 98 53
44 99 63
44 100 13
45 46 49
45 47 60
45 48 3
45 49 27
45 50 16
45 51 71
45 52 40
45 53 51
45 54 2
45 55 13
45 56 28
45 57 28
45 58 7
45 59 19
45 60 24
45 61 60
45 62 73
45 63 41
45 64 54
45 65 65
45 66 71
45 67 21
45 68 73
45 69 42
45 70 38
45 71 8
45 72 58
45 73 1
45 74 5
45 75 36
45 76 41
45 77 13
45 78 1
45 79 54
45 80 4
45 81 20
45 82 3
45 83 16
45 84 55
45 85 26
45 86 75
45 87 40
45 88 58
45 89 13
45 90 31
45 91 41
45 92 38
45 93 28
45 94 35
45 95 60
45 96 57
45 97 6
45 98 6
45 99 9
45 100 41
46 47 9
46 48 69
46 49 41
46 50 68
46 51 71
46 52 25
46 53 51
46 54 68
46 55 66
46 56 60
46 57 57
46 58 43
46 59 22
46 60 25
46 61 50
46 62 24
46 63 7
46 64 56
46 65 62
46 66 48
46 67 48
46 68 17
46 69 74
46 70 61
46 71 54
46 72 61
46 73 46
46 74 59
46 75 62
46 76 53
46 77 42
46 78 7
46 79 32
46 80 21
46 81 13
46 82 75
46 83 21
46 84 4
46 85 39
46 86 35
46 87 63
46 88 73
46 89 67
46 90 6
46 91 58
46 92 62
46 93 34
46 94 75
46 95 30
46 96 61
46 97 19
46 98 30
46 99 45
46 100 22
47 48 75
47 49 41
47 50 24
47 51 51
47 52 68
47 53 40
47 54 2
47 55 1
47 56 51
47 57 56
47 58 50
47 59 20
47 60 60
47 61 3
47 62 42
47 63 25
47 64 48
47 65 25
47 66 72
47 67 4
47 68 64
47 69 30
47 70 37
47 71 34
47 72 62
47 73 48
47 74 40
47 75 49
47 76 9
47 77 35
47 78 52
47 79 37
47 80 21
47 81 68
47 82 49
47 83 5
47 84 48
47 85 61
47 86 47
47 87 6
47 88 50
47 89 42
47 90 22
47 91 34
47 92 38
47 93 61
47 94 45
47 95 32
47 96 62
47 97 17
47 98 61
47 99 72
47 100 48
48 49 43
48 50 69
48 51 13
48 52 6
48 53 33
48 54 56
48 55 54
48 56 18
48 57 73
48 58 40
48 59 10
48 60 55
48 61 74
48 62 37
48 63 10
48 64 53
48 65 10
48 66 16
48 67 66
48 68 49
48 69 33
48 70 3
48 71 15
48 72 65
48 73 44
48 74 63
48 75 43
48 76 22
48 77 35
48 78 75
48 79 25
48 80 30
48 81 59
48 82 49
48 83 40
48 84 18
48 85 45
48 86 72
48 87 56
48 88 20
48 89 17
48 90 17
48 91 17
48 92 60
48 93 73
48 94 23
48 95 15
48 96 43
48 97 42
48 98 25
48 99 65
48 100 6
49 50 17
49 51 44
49 52 2
49 53 65
49 54 28
49 55 69
49 56 2
49 57 7
49 58 57
49 59 38
49 60 68
49 61 29
49 62 49
49 63 66
49 64 73
49 65 42
49 66 19
49 67 28
49 68 61
49 69 73
49 70 58
49 71 44
49 72 28
49 73 14
49 74 29
49 75 52
49 76 21
49 77 41
49 78 49
49 79 8
49 80 54
49 81 52
49 82 29
49 83 73
49 84 67
49 85 70
49 86 35
49 87 45
49 88 72
49 89 12
49 90 10
49 91 15
49 92 4
49 93 2
49 94 53
49 95 61
49 96 68
49 97 23
49 98 27
49 99 42
49 100 47
50 51 11
50 52 63
50 53 14
50 54 62
50 55 67
50 56 74
50 57 16
50 58 51
50 59 11
50 60 3
50 61 38
50 62 29
50 63 68
50 64 71
50 65 32
50 66 8
50 67 23
50 68 63
50 69 68
50 70 22
50 71 17
50 72 43
50 73 2
50 74 41
50 75 14
50 76 27
50 77 17
50 78 27
50 79 18
50 80 73
50 81 38
50 82 15
50 83 69
50 84 43
50 85 4
50 86 37
50 87 57
50 88 10
50 89 53
50 90 47
50 91 27
50 92 39
50 93 67
50 94 3
50 95 53
50 96 43
50 97 8
50 98 42
50 99 45
50 100 40
51 52 52
51 53 70
51 54 53
51 55 38
51 56 55
51 57 4
51 58 33
51 59 3
51 60 27
51 61 58
51 62 9
51 63 63
51 64 63
51 65 6
51 66 43
51 67 41
51 68 8
51 69 65
51 70 47
51 71 26
51 72 46
51 73 32
51 74 20
51 75 47
51 76 60
51 77 50
51 78 36
51 79 25
51 80 75
51 81 18
51 82 27
51 83 5
51 84 59
51 85 45
51 86 53
51 87 16
51 88 16
51 89 71
51 90 68
51 91 21
51 92 52
51 93 72
51 94 65
51 95 8
51 96 64
51 97 75
51 98 6
51 99 30
51 100 11
52 53 6
52 54 54
52 55 19
52 56 70
52 57 26
52 58 25
52 59 26
52 60 1
52 61 36
52 62 25
52 63 70
52 64 53
52 65 68
52 66 13
52 67 40
52 68 17
52 69 11
52 70 35
52 71 66
52 72 55
52 73 68
52 74 48
52 75 5
52 76 30
52 77 34
52 78 27
52 79 57
52 80 67
52 81 10
52 82 51
52 83 52
52 84 44
52 85 70
52 86 34
52 87 44
52 88 70
52 89 25
52 90 52
52 91 7
52 92 28
52 93 44
52 94 68
52 95 75
52 96 74
52 97 24
52 98 72
52 99 61
52 100 11
53 54 57
53 55 11
53 56 20
53 57 23
53 58 9
53 59 44
53 60 27
53 61 48
53 62 10
53 63 46
53 64 55
53 65 15
53 66 20
53 67 23
53 68 36
53 69 70
53 70 28
53 71 2
53 72 39
53 73 53
53 74 43
53 75 61
53 76 55
53 77 28
53 78 22
53 79 29
53 80 52
53 81 6
53 82 49
53 83 41
53 84 26
53 85 36
53 86 13
53 87 30
53 88 73
53 89 63
53 90 11
53 91 51
53 92 43
53 93 6
53 94 4
53 95 55
53 96 44
53 97 4
53 98 46
53 99 46
53 100 34
54 55 75
54 56 52
54 57 44
54 58 64
54 59 54
54 60 21
54 61 33
54 62 34
54 63 17
54 64 8
54 65 18
54 66 14
54 67 29
54 68 36
54 69 56
54 70 67
54 71 67
54 72 4
54 73 32
54 74 73
54 75 14
54 76 53
54 77 38
54 78 13
54 79 41
54 80 44
54 81 40
54 82 41
54 83 67
54 84 5
54 85 39
54 86 22
54 87 28
54 88 32
54 89 57
54 90 32
54 91 18
54 92 14
54 93 15
54 94 12
54 95 30
54 96 73
54 97 55
54 98 39
54 99 50
54 100 57
55 56 15
55 57 18
55 58 22
55 59 68
55 60 59
55 61 16
55 62 32
55 63 19
55 64 15
55 65 35
55 66 14
55 67 25
55 68 27
55 69 52
55 70 62
55 71 1
55 72 71
55 73 18
55 74 74
55 75 46
55 76 1
55 77 43
55 78 39
55 79 39
55 80 60
55 81 75
55 82 65
55 83 55
55 84 50
55 85 52
55 86 15
55 87 54
55 88 51
55 89 22
55 90 37
55 91 31
55 92 67
55 93 23
55 94 74
55 95 60
55 96 24
55 97 37
55 98 7
55 99 15
55 100 19
56 57 61
56 58 38
56 59 44
56 60 13
56 61 45
56 62 66
56 63 68
56 64 11
56 65 3
56 66 67
56 67 73
56 68 41
56 69 44
56 70 50
56 71 39
56 72 54
56 73 18
56 74 17
56 75 39
56 76 63
56 77 35
56 78 32
56 79 57
56 80 68
56 81 64
56 82 3
56 83 72
56 84 65
56 85 55
56 86 20
56 87 19
56 88 20
56 89 36
56 90 46
56 91 12
56 92 38
56 93 24
56 94 27
56 95 2
56 96 29
56 97 22
56 98 29
56 99 40
56 100 56
57 58 20
57 59 14
57 60 71
57 61 46
57 62 71
57 63 57
57 64 37
57 65 4
57 66 8
57 67 73
57 68 28
57 69 51
57 70 13
57 71 72
57 72 3
57 73 60
57 74 74
57 75 61
57 76 21
57 77 33
57 78 5
57 79 71
57 80 25
57 81 56
57 82 21
57 83 18
57 84 38
57 85 18
57 86 29
57 87 17
57 88 40
57 89 8
57 90 19
57 91 42
57 92 29
57 93 42
57 94 59
57 95 74
57 96 28
57 97 2
57 98 58
57 99 31
57 100 21
58 59 5
58 60 16
58 61 11
58 62 65
58 63 17
58 64 68
58 65 75
58 66 63
58 67 60
58 68 45
58 69 14
58 70 28
58 71 37
58 72 69
58 73 31
58 74 41
58 75 57
58 76 69
58 77 51
58 78 9
58 79 67
58 80 40
58 81 55
58 82 24
58 83 39
58 84 46
58 85 13
58 86 48
58 87 73
58 88 36
58 89 23
58 90 15
58 91 31
58 92 43
58 93 15
58 94 40
58 95 48
58 96 75
58 97 18
58 98 34
58 99 12
58 100 17
59 60 26
59 61 1
59 62 33
59 63 56
59 64 42
59 65 26
59 66 10
59 67 15
59 68 59
59 69 17
59 70 41
59 71 7
59 72 61
59 73 29
59 74 67
59 75 72
59 76 69
59 77 29
59 78 10
59 79 34
59 80 22
59 81 70
59 82 54
59 83 65
59 84 9
59 85 18
59 86 42
59 87 53
59 88 33
59 89 40
59 90 40
59 91 41
59 92 39
59 93 61
59 94 63
59 95 73
59 96 32
59 97 63
59 98 23
59 99 12
59 100 8
60 61 50
60 62 38
60 63 11
60 64 6
60 65 1
60 66 55
60 67 2
60 68 45
60 69 21
60 70 10
60 71 33
60 72 29
60 73 61
60 74 16
60 75 67
60 76 46
60 77 51
60 78 61
60 79 31
60 80 37
60 81 69
60 82 61
60 83 52
60 84 56
60 85 58
60 86 20
60 87 35
60 88 39
60 89 55
60 90 44
60 91 9
60 92 43
60 93 17
60 94 74
60 95 30
60 96 7
60 97 73
60 98 71
60 99 27
60 100 19
61 62 7
61 63 19
61 64 6
61 65 46
61 66 61
61 67 21
61 68 67
61 69 42
61 70 40
61 71 45
61 72 31
61 73 53
61 74 27
61 75 50
61 76 4
61 77 65
61 78 15
61 79 35
61 80 74
61 81 28
61 82 25
61 83 66
61 84 16
61 85 32
61 86 38
61 87 61
61 88 53
61 89 1
61 90 38
61 91 21
61 92 16
61 93 74
61 94 47
61 95 74
61 96 35
61 97 59
61 98 7
61 99 19
61 100 41
62 63 60
62 64 29
62 65 19
62 66 54
62 67 8
62 68 11
62 69 64
62 70 20
62 71 22
62 72 32
62 73 42
62 74 1
62 75 34
62 76 10
62 77 70
62 78 55
62 79 54
62 80 47
62 81 55
62 82 70
62 83 17
62 84 57
62 85 75
62 86 12
62 87 75
62 88 67
62 89 67
62 90 62
62 91 31
62 92 62
62 93 34
62 94 26
62 95 1
62 96 56
62 97 22
62 98 27
62 99 26
62 100 26
63 64 41
63 65 48
63 66 72
63 67 20
63 68 5
63 69 70
63 70 52
63 71 53
63 72 34
63 73 18
63 74 25
63 75 31
63 76 65
63 77 4
63 78 72
63 79 43
63 80 20
63 81 15
63 82 42
63 83 8
63 84 41
63 85 62
63 86 25
63 87 40
63 88 59
63 89 33
63 90 23
63 91 60
63 92 20
63 93 53
63 94 10
63 95 11
63 96 18
63 97 60
63 98 37
63 99 11
63 100 38
64 65 35
64 66 62
64 67 46
64 68 65
64 69 53
64 70 10
64 71 33
64 72 69
64 73 42
64 74 52
64 75 7
64 76 25
64 77 5
64 78 3
64 79 74
64 80 16
64 81 19
64 82 34
64 83 6
64 84 54
64 85 14
64 86 60
64 87 20
64 88 3
64 89 9
64 90 5
64 91 15
64 92 31
64 93 73
64 94 25
64 95 58
64 96 74
64 97 30
64 98 16
64 99 29
64 100 51
65 66 71
65 67 29
65 68 70
65 69 58
65 70 31
65 71 58
65 72 12
65 73 51
65 74 36
65 75 40
65 76 13
65 77 63
65 78 33
65 79 49
65 80 28
65 81 23
65 82 15
65 83 42
65 84 49
65 85 43
65 86 17
65 87 21
65 88 61
65 89 45
65 90 21
65 91 39
65 92 6
65 93 64
65 94 25
65 95 48
65 96 4
65 97 43
65 98 11
65 99 59
65 100 61
67 68 74
67 69 52
67 70 45
67 71 17
67 72 74
67 73 68
67 74 18
67 75 45
67 76 14
67 77 9
67 78 59
67 79 12
67 80 64
67 81 11
67 82 8
67 83 62
67 84 55
67 85 33
67 86 2
67 87 35
67 88 10
67 89 24
67 90 17
67 91 33
67 92 66
67 93 43
67 94 21
67 95 65
67 96 58
67 97 48
67 98 11
67 99 11
67 100 68
68 69 18
68 70 13
68 71 48
68 72 4
68 73 7
68 74 45
68 75 63
68 76 37
68 77 19
68 78 45
68 79 6
68 80 67
68 81 9
68 82 7
68 83 26
68 84 17
68 85 13
68 86 72
68 87 33
68 88 34
68 89 34
68 90 20
68 91 16
68 92 61
68 93 48
68 94 40
68 95 35
68 96 65
68 97 40
68 98 56
68 99 63
68 100 28
69 70 75
69 71 45
69 72 9
69 73 9
69 74 51
69 75 18
69 76 12
69 77 59
69 78 40
69 79 58
69 80 66
69 81 17
69 82 30
69 83 46
69 84 7
69 85 9
69 86 45
69 87 36
69 88 39
69 89 74
69 90 43
69 91 49
69 92 23
69 93 58
69 94 8
69 95 12
69 96 70
69 97 53
69 98 20
69 99 68
69 100 47
70 71 64
70 72 66
70 73 47
70 74 46
70 75 17
70 76 39
70 77 55
70 78 44
70 79 3
70 80 50
70 81 5
70 82 39
70 83 65
70 84 40
70 85 33
70 86 47
70 87 18
70 88 41
70 89 56
70 90 66
70 91 62
70 92 55
70 93 18
70 94 30
70 95 45
70 96 49
70 97 32
70 98 55
70 99 52
70 100 58
71 72 69
71 73 58
71 74 68
71 75 73
71 76 8
71 77 30
71 78 32
71 79 69
71 80 38
71 81 67
71 82 50
71 83 59
71 84 8
71 85 65
71 86 74
71 87 67
71 88 69
71 89 4
71 90 20
71 91 63
71 92 58
71 93 68
71 94 37
71 95 69
71 96 27
71 97 33
71 98 37
71 99 54
71 100 4
72 73 71
72 74 64
72 75 54
72 76 17
72 77 4
72 78 1
72 79 61
72 80 36
72 81 9
72 82 65
72 83 56
72 84 1
72 85 74
72 86 22
72 87 56
72 88 61
72 89 25
72 90 2
72 91 53
72 92 28
72 93 45
72 94 24
72 95 39
72 96 45
72 97 51
72 98 41
72 99 53
72 100 1
73 74 64
73 75 61
73 76 5
73 77 5
73 78 13
73 79 43
73 80 50
73 81 9
73 82 31
73 83 46
73 84 72
73 85 46
73 86 20
73 87 15
73 88 28
73 89 51
73 90 39
73 91 53
73 92 67
73 93 65
73 94 61
73 95 16
73 96 41
73 97 1
73 98 4
73 99 42
73 100 67
74 75 74
74 76 31
74 77 2
74 78 35
74 79 1
74 80 42
74 81 60
74 82 32
74 83 41
74 84 19
74 85 17
74 86 47
74 87 60
74 88 62
74 89 32
74 90 71
74 91 21
74 92 66
74 93 39
74 94 29
74 95 24
74 96 70
74 97 27
74 98 44
74 99 45
74 100 46
75 76 49
75 77 53
75 78 69
75 79 31
75 80 63
75 81 41
75 82 68
75 83 5
75 84 13
75 85 52
75 86 1
75 87 36
75 88 62
75 89 22
75 90 45
75 91 35
75 92 42
75 93 2
75 94 25
75 95 65
75 96 21
75 97 34
75 98 69
75 99 17
75 100 9
76 77 37
76 78 68
76 79 49
76 80 68
76 81 23
76 82 15
76 83 16
76 84 34
76 85 21
76 86 35
76 87 5
76 88 68
76 89 49
76 90 45
76 91 68
76 92 4
76 93 18
76 94 70
76 95 47
76 96 75
76 97 60
76 98 38
76 99 62
76 100 1
77 78 51
77 79 25
77 80 33
77 81 16
77 82 75
77 83 4
77 84 30
77 85 45
77 86 15
77 87 10
77 88 29
77 89 65
77 90 8
77 91 50
77 92 24
77 93 8
77 94 42
77 95 1
77 96 34
77 97 6
77 98 43
77 99 32
77 100 38
78 79 31
78 80 58
78 81 39
78 82 35
78 83 41
78 84 14
78 85 36
78 86 45
78 87 42
78 88 49
78 89 42
78 90 45
78 91 13
78 92 67
78 93 37
78 94 34
78 95 25
78 96 4
78 97 18
78 98 67
78 99 72
78 100 49
79 80 27
79 81 2
79 82 67
79 83 60
79 84 72
79 85 43
79 86 4
79 87 44
79 88 65
79 89 54
79 90 43
79 91 17
79 92 45
79 93 23
79 94 63
79 95 8
79 96 14
79 97 22
79 98 35
79 99 58
79 100 28
80 81 22
80 82 50
80 83 28
80 84 57
80 85 47
80 86 2
80 87 42
80 88 12
80 89 49
80 90 31
80 91 18
80 92 47
80 93 18
80 94 3
80 95 29
80 96 58
80 97 48
80 98 45
80 99 50
80 100 38
81 82 65
81 83 24
81 84 45
81 85 73
81 86 29
81 87 7
81 88 4
81 89 57
81 90 27
81 91 33
81 92 33
81 93 62
81 94 17
81 95 6
81 96 67
81 97 69
81 98 73
81 99 73
81 100 14
82 83 30
82 84 69
82 85 28
82 86 71
82 87 2
82 88 29
82 89 75
82 90 30
82 91 64
82 92 38
82 93 70
82 94 60
82 95 22
82 96 55
82 97 19
82 98 65
82 99 59
82 100 46
83 84 44
83 85 64
83 86 33
83 87 38
83 88 36
83 89 41
83 90 21
83 91 37
83 92 41
83 93 41
83 94 24
83 95 37
83 96 10
83 97 31
83 98 23
83 99 66
83 100 35
84 85 48
84 86 22
84 87 33
84 88 64
84 89 58
84 90 46
84 91 42
84 92 33
84 93 63
84 94 7
84 95 46
84 96 24
84 97 25
84 98 61
84 99 17
84 100 38
85 86 37
85 87 24
85 88 33
85 89 37
85 90 28
85 91 68
85 92 47
85 93 21
85 94 18
85 95 71
85 96 74
85 97 55
85 98 10
85 99 47
85 100 4
86 87 54
86 88 13
86 89 57
86 90 13
86 91 31
86 92 13
86 93 56
86 94 3
86 95 66
86 96 41
86 97 28
86 98 75
86 99 53
86 100 3
87 88 63
87 89 21
87 90 14
87 91 59
87 92 7
87 93 71
87 94 5
87 95 45
87 96 4
87 97 47
87 98 25
87 99 25
87 100 33
88 89 2
88 90 66
88 91 42
88 92 32
88 93 23
88 94 63
88 95 33
88 96 8
88 97 45
88 98 4
88 99 32
88 100 8
89 90 46
89 91 26
89 92 9
89 93 7
89 94 60
89 95 28
89 96 28
89 97 36
89 98 51
89 99 24
89 100 61
90 91 57
90 92 35
90 93 27
90 94 59
90 95 13
90 96 37
90 97 27
90 98 34
90 99 12
90 100 52
91 92 70
91 93 48
91 94 56
91 95 44
91 96 35
91 97 74
91 98 45
91 99 39
91 100 28
92 93 4
92 94 27
92 95 24
92 96 2
92 97 1
92 98 27
92 99 56
92 100 48
93 94 11
93 95 36
93 96 36
93 97 53
93 98 42
93 99 27
93 100 59
94 95 73
94 96 27
94 97 56
94 98 32
94 99 50
94 100 24
95 96 51
95 97 70
95 98 25
95 99 20
95 100 57
96 97 4
96 98 72
96 99 64
96 100 19
97 98 10
97 99 15
97 100 50
98 99 40
98 100 74
100
